4
6

2
3

0
1
0
0

1 3 2 1
1 3 2 1
1 3 2 1
1 3 2 1
1 3 2 1
1 3 2 1

1 2 1 3
1 2 1 3
1 2 1 3
1 2 1 3
1 2 1 3
1 2 1 3

1 1 1 1
1 1 1 1
3 3 3 3
1 1 1 1
1 1 1 1
1 1 1 1

0.330263 2.40845E-01

0.499122 3.99298E-01

0.694676 5.55741E-01

0.314419 0.00000E-00
7.30000E-03 2.35155E-01

0.494460 0.00000E-00
1.76000E-03 3.97365E-01

0.634883 0.00000E-00
3.23600E-03 5.18041E-01

0.00000E-00 0.00000E-00
0.00000E-00 0.00000E-00

0.00000E-00 0.00000E-00
0.00000E-00 0.00000E-00

0.00000E-00 0.00000E-00
0.00000E-00 0.00000E-00

8 16 8 24
8 16 8 24
8 16 8 24
8 16 8 24
8 16 8 24
8 16 8 24

8 8 8 8
8 8 8 8
24 24 24 24
8 8 8 8
8 8 8 8
8 8 8 8

0 0 0 0
0 0 0 0
0 0 0 0
0 0 0 0
0 0 0 0
0 0 1 0

0 0 0 0
0 0 0 0
0 0 0 0
0 0 0 0
0 0 0 0
0 0 0 0