3
3

30
2

0
0
0
0

1 1 1
1 1 1
1 1 1

4 1 4
4 1 4
4 1 4

4 4 4
1 1 1
4 4 4



0.09336110292803924 0.09879783723951586 0.10135247629124758 0.1060572674226889 0.10995195497217593 0.12069864624647896 0.1631129034978853 0.2094580330094419 0.21494192176162105 0.24817782368643418 0.2906514255267066 0.39379669858305205 0.45065706268873335 0.6532544985990435 0.6968346235876413 0.906214739303202 1.1694258939340028 1.3278296710406805 1.411490271907792 1.5052867516939874 1.4428961129667925 1.4469847481306346 1.448805008119858 1.4499404192844543 1.4513807855022547 1.4543761850433743 1.4614989500773454 1.4796055260362129 1.5357361697567384 2.0144372834422373 

0.09339629764231842 0.09877767914137386 0.10134754838292072 0.10605003080523961 0.10994679915610188 0.1207108725129929 0.16319333891756568 0.20927749645818042 0.2150802769282104 0.2481618927014489 0.2908096224958114 0.39382447370484047 0.45082670510923467 0.6522566798547733 0.6976700239294437 0.9057695911023875 1.169364701176141 1.3282539087629759 1.4115917962351228 1.5041265643559862 1.4429317896707587 1.4470316373553993 1.4488805159039602 1.450057227032979 1.4515697483743892 1.454695831539428 1.4620304425817823 1.480501522402503 1.538186151954541 2.0199566425468403 


2.550097466594200E-02    0.000000000000000E+00    0.000000000000000E+00    0.000000000000000E+00    0.000000000000000E+00    0.000000000000000E+00    0.000000000000000E+00    0.000000000000000E+00    0.000000000000000E+00    0.000000000000000E+00    0.000000000000000E+00    0.000000000000000E+00    0.000000000000000E+00    0.000000000000000E+00    0.000000000000000E+00    0.000000000000000E+00    0.000000000000000E+00    0.000000000000000E+00    0.000000000000000E+00    0.000000000000000E+00    0.000000000000000E+00    0.000000000000000E+00    0.000000000000000E+00    0.000000000000000E+00    0.000000000000000E+00    0.000000000000000E+00    0.000000000000000E+00    0.000000000000000E+00    0.000000000000000E+00    0.000000000000000E+00
1.028757532182890E-02    2.377435057988370E-02    0.000000000000000E+00    0.000000000000000E+00    0.000000000000000E+00    0.000000000000000E+00    0.000000000000000E+00    0.000000000000000E+00    0.000000000000000E+00    0.000000000000000E+00    0.000000000000000E+00    0.000000000000000E+00    0.000000000000000E+00    0.000000000000000E+00    0.000000000000000E+00    0.000000000000000E+00    0.000000000000000E+00    0.000000000000000E+00    0.000000000000000E+00    0.000000000000000E+00    0.000000000000000E+00    0.000000000000000E+00    0.000000000000000E+00    0.000000000000000E+00    0.000000000000000E+00    0.000000000000000E+00    0.000000000000000E+00    0.000000000000000E+00    0.000000000000000E+00    0.000000000000000E+00
5.178494204696220E-03    1.309572107740920E-02    2.224678741516680E-02    0.000000000000000E+00    0.000000000000000E+00    0.000000000000000E+00    0.000000000000000E+00    0.000000000000000E+00    0.000000000000000E+00    0.000000000000000E+00    0.000000000000000E+00    0.000000000000000E+00    0.000000000000000E+00    0.000000000000000E+00    0.000000000000000E+00    0.000000000000000E+00    0.000000000000000E+00    0.000000000000000E+00    0.000000000000000E+00    0.000000000000000E+00    0.000000000000000E+00    0.000000000000000E+00    0.000000000000000E+00    0.000000000000000E+00    0.000000000000000E+00    0.000000000000000E+00    0.000000000000000E+00    0.000000000000000E+00    0.000000000000000E+00    0.000000000000000E+00
5.708587616547250E-03    8.495223987098590E-03    1.751115672915440E-02    2.378872044515680E-02    0.000000000000000E+00    0.000000000000000E+00    0.000000000000000E+00    0.000000000000000E+00    0.000000000000000E+00    0.000000000000000E+00    0.000000000000000E+00    0.000000000000000E+00    0.000000000000000E+00    0.000000000000000E+00    0.000000000000000E+00    0.000000000000000E+00    0.000000000000000E+00    0.000000000000000E+00    0.000000000000000E+00    0.000000000000000E+00    0.000000000000000E+00    0.000000000000000E+00    0.000000000000000E+00    0.000000000000000E+00    0.000000000000000E+00    0.000000000000000E+00    0.000000000000000E+00    0.000000000000000E+00    0.000000000000000E+00    0.000000000000000E+00
8.527573465085500E-03    7.985424717665361E-03    9.907941279329809E-03    2.166786277347530E-02    2.377696841786550E-02    0.000000000000000E+00    0.000000000000000E+00    0.000000000000000E+00    0.000000000000000E+00    0.000000000000000E+00    0.000000000000000E+00    0.000000000000000E+00    0.000000000000000E+00    0.000000000000000E+00    0.000000000000000E+00    0.000000000000000E+00    0.000000000000000E+00    0.000000000000000E+00    0.000000000000000E+00    0.000000000000000E+00    0.000000000000000E+00    0.000000000000000E+00    0.000000000000000E+00    0.000000000000000E+00    0.000000000000000E+00    0.000000000000000E+00    0.000000000000000E+00    0.000000000000000E+00    0.000000000000000E+00    0.000000000000000E+00
6.245232722975510E-03    8.867656122415451E-03    8.344746988554440E-03    9.207034652090310E-03    2.196983447563910E-02    2.751763311210290E-02    0.000000000000000E+00    0.000000000000000E+00    0.000000000000000E+00    0.000000000000000E+00    0.000000000000000E+00    0.000000000000000E+00    0.000000000000000E+00    0.000000000000000E+00    0.000000000000000E+00    0.000000000000000E+00    0.000000000000000E+00    0.000000000000000E+00    0.000000000000000E+00    0.000000000000000E+00    0.000000000000000E+00    0.000000000000000E+00    0.000000000000000E+00    0.000000000000000E+00    0.000000000000000E+00    0.000000000000000E+00    0.000000000000000E+00    0.000000000000000E+00    0.000000000000000E+00    0.000000000000000E+00
1.035973427721720E-02    1.083368301380210E-02    1.549307952203210E-02    1.729626150455990E-02    1.922639798713250E-02    4.069738216753120E-02    6.474248965157510E-02    0.000000000000000E+00    0.000000000000000E+00    0.000000000000000E+00    0.000000000000000E+00    0.000000000000000E+00    0.000000000000000E+00    0.000000000000000E+00    0.000000000000000E+00    0.000000000000000E+00    0.000000000000000E+00    0.000000000000000E+00    0.000000000000000E+00    0.000000000000000E+00    0.000000000000000E+00    0.000000000000000E+00    0.000000000000000E+00    0.000000000000000E+00    0.000000000000000E+00    0.000000000000000E+00    0.000000000000000E+00    0.000000000000000E+00    0.000000000000000E+00    0.000000000000000E+00
7.217134558061010E-03    8.038552678492889E-03    8.109044649447920E-03    1.156257681902310E-02    1.455980868867490E-02    1.755553370146970E-02    4.378090464201670E-02    8.083077858127059E-02    0.000000000000000E+00    0.000000000000000E+00    0.000000000000000E+00    0.000000000000000E+00    0.000000000000000E+00    0.000000000000000E+00    0.000000000000000E+00    0.000000000000000E+00    0.000000000000000E+00    0.000000000000000E+00    0.000000000000000E+00    0.000000000000000E+00    0.000000000000000E+00    0.000000000000000E+00    0.000000000000000E+00    0.000000000000000E+00    0.000000000000000E+00    0.000000000000000E+00    0.000000000000000E+00    0.000000000000000E+00    0.000000000000000E+00    0.000000000000000E+00
1.653391491722740E-04    2.010207004104650E-04    2.027295175092890E-04    2.318421288372150E-04    3.935214776855210E-04    4.275186035796060E-04    7.568566935296200E-04    2.817052936760440E-03    3.882621842708080E-03    0.000000000000000E+00    0.000000000000000E+00    0.000000000000000E+00    0.000000000000000E+00    0.000000000000000E+00    0.000000000000000E+00    0.000000000000000E+00    0.000000000000000E+00    0.000000000000000E+00    0.000000000000000E+00    0.000000000000000E+00    0.000000000000000E+00    0.000000000000000E+00    0.000000000000000E+00    0.000000000000000E+00    0.000000000000000E+00    0.000000000000000E+00    0.000000000000000E+00    0.000000000000000E+00    0.000000000000000E+00    0.000000000000000E+00
2.372800132913860E-03    2.973575263465810E-03    2.972746793985940E-03    3.321737338967050E-03    6.396246071845180E-03    6.478728910298300E-03    1.148039834266100E-02    3.339125216452520E-02    7.342185637105200E-02    5.402644859285090E-02    0.000000000000000E+00    0.000000000000000E+00    0.000000000000000E+00    0.000000000000000E+00    0.000000000000000E+00    0.000000000000000E+00    0.000000000000000E+00    0.000000000000000E+00    0.000000000000000E+00    0.000000000000000E+00    0.000000000000000E+00    0.000000000000000E+00    0.000000000000000E+00    0.000000000000000E+00    0.000000000000000E+00    0.000000000000000E+00    0.000000000000000E+00    0.000000000000000E+00    0.000000000000000E+00    0.000000000000000E+00
1.771235235584500E-03    2.190585821189040E-03    2.300337511218970E-03    2.465858284891910E-03    5.011810944925930E-03    5.187583158093910E-03    8.983839479513429E-03    2.049006408200110E-02    3.328648683259550E-02    6.421064295625560E-02    6.546309408195830E-02    0.000000000000000E+00    0.000000000000000E+00    0.000000000000000E+00    0.000000000000000E+00    0.000000000000000E+00    0.000000000000000E+00    0.000000000000000E+00    0.000000000000000E+00    0.000000000000000E+00    0.000000000000000E+00    0.000000000000000E+00    0.000000000000000E+00    0.000000000000000E+00    0.000000000000000E+00    0.000000000000000E+00    0.000000000000000E+00    0.000000000000000E+00    0.000000000000000E+00    0.000000000000000E+00
2.213592568269350E-03    2.615208405914200E-03    3.222122840628040E-03    3.432545368191420E-03    5.898003462020160E-03    8.096173775428209E-03    1.248993394589080E-02    2.805116884215030E-02    4.066648614589950E-02    5.120966568022660E-02    1.090218331134390E-01    1.525845388886780E-01    0.000000000000000E+00    0.000000000000000E+00    0.000000000000000E+00    0.000000000000000E+00    0.000000000000000E+00    0.000000000000000E+00    0.000000000000000E+00    0.000000000000000E+00    0.000000000000000E+00    0.000000000000000E+00    0.000000000000000E+00    0.000000000000000E+00    0.000000000000000E+00    0.000000000000000E+00    0.000000000000000E+00    0.000000000000000E+00    0.000000000000000E+00    0.000000000000000E+00
1.234820465792910E-03    1.440454613789860E-03    1.814462869502010E-03    2.086152453834390E-03    2.976481621738110E-03    5.004911930154650E-03    7.706710364797900E-03    1.715677961204230E-02    2.517944605687850E-02    3.089516530311170E-02    4.545861345746630E-02    1.144670914140150E-01    1.620253774335610E-01    0.000000000000000E+00    0.000000000000000E+00    0.000000000000000E+00    0.000000000000000E+00    0.000000000000000E+00    0.000000000000000E+00    0.000000000000000E+00    0.000000000000000E+00    0.000000000000000E+00    0.000000000000000E+00    0.000000000000000E+00    0.000000000000000E+00    0.000000000000000E+00    0.000000000000000E+00    0.000000000000000E+00    0.000000000000000E+00    0.000000000000000E+00
6.879540873905410E-04    7.995060672877120E-04    9.895409403470391E-04    1.229807881867180E-03    1.731070416216900E-03    2.860436764957260E-03    4.612595685431200E-03    1.050971993753240E-02    1.476671264302000E-02    1.889111471783590E-02    2.794929371889830E-02    4.998236134175570E-02    1.260076277375390E-01    2.589821240558570E-01    0.000000000000000E+00    0.000000000000000E+00    0.000000000000000E+00    0.000000000000000E+00    0.000000000000000E+00    0.000000000000000E+00    0.000000000000000E+00    0.000000000000000E+00    0.000000000000000E+00    0.000000000000000E+00    0.000000000000000E+00    0.000000000000000E+00    0.000000000000000E+00    0.000000000000000E+00    0.000000000000000E+00    0.000000000000000E+00
3.914090627904590E-04    4.521824030011100E-04    5.602439764451530E-04    6.990086935370040E-04    9.896543518261309E-04    1.681957409870500E-03    2.817086843283330E-03    6.331428279668520E-03    9.628376861546370E-03    1.143657911348650E-02    1.687501613333500E-02    3.024041450417040E-02    6.384119029529610E-02    1.781951002082180E-01    2.156647171489090E-01    0.000000000000000E+00    0.000000000000000E+00    0.000000000000000E+00    0.000000000000000E+00    0.000000000000000E+00    0.000000000000000E+00    0.000000000000000E+00    0.000000000000000E+00    0.000000000000000E+00    0.000000000000000E+00    0.000000000000000E+00    0.000000000000000E+00    0.000000000000000E+00    0.000000000000000E+00    0.000000000000000E+00
3.556076399280840E-04    4.006354471078420E-04    5.236360986137901E-04    6.617835490340700E-04    9.011856657360500E-04    1.550983491585330E-03    2.722568464090040E-03    6.168279689695830E-03    8.906161258868469E-03    1.109328239213200E-02    1.635970852974090E-02    2.935945154648190E-02    6.245149834391970E-02    1.363235760377140E-01    3.153601720223080E-01    4.022060516008580E-01    0.000000000000000E+00    0.000000000000000E+00    0.000000000000000E+00    0.000000000000000E+00    0.000000000000000E+00    0.000000000000000E+00    0.000000000000000E+00    0.000000000000000E+00    0.000000000000000E+00    0.000000000000000E+00    0.000000000000000E+00    0.000000000000000E+00    0.000000000000000E+00    0.000000000000000E+00
1.143071690388460E-04    1.465138093825000E-04    1.821989939517260E-04    2.293487185695970E-04    3.409431726940910E-04    5.421309984151370E-04    1.001496556567220E-03    2.276958207168680E-03    3.248533066954830E-03    4.052667500108280E-03    5.982231525232760E-03    1.089860675547890E-02    2.297063701759070E-02    5.022524350771010E-02    1.048089491356500E-01    3.250418074072610E-01    5.034548412467510E-01    0.000000000000000E+00    0.000000000000000E+00    0.000000000000000E+00    0.000000000000000E+00    0.000000000000000E+00    0.000000000000000E+00    0.000000000000000E+00    0.000000000000000E+00    0.000000000000000E+00    0.000000000000000E+00    0.000000000000000E+00    0.000000000000000E+00    0.000000000000000E+00
4.030286357837510E-05    4.296769302774760E-05    6.436325248958730E-05    7.790790267798290E-05    1.269681867509960E-04    1.910662658208130E-04    3.711444489455020E-04    7.984502436281470E-04    1.184538466757160E-03    1.463989485043000E-03    2.181497306271940E-03    3.952992094502600E-03    8.425287318910500E-03    1.864967123419820E-02    3.837528909177890E-02    1.131203718982660E-01    4.272171262731640E-01    5.621473660844600E-01    0.000000000000000E+00    0.000000000000000E+00    0.000000000000000E+00    0.000000000000000E+00    0.000000000000000E+00    0.000000000000000E+00    0.000000000000000E+00    0.000000000000000E+00    0.000000000000000E+00    0.000000000000000E+00    0.000000000000000E+00    0.000000000000000E+00
1.319193025282620E-05    1.603358041028370E-05    2.219536976766640E-05    3.348692275136090E-05    4.133861414359200E-05    7.080587818821050E-05    1.334361834312100E-04    3.028050810844110E-04    4.321964676005860E-04    5.097396863642050E-04    8.403480557772800E-04    1.435792129094510E-03    3.063917356511100E-03    6.859071842839820E-03    1.425022229559440E-02    4.146285445514030E-02    1.508292641962980E-01    4.899918444967840E-01    5.970437700030770E-01    0.000000000000000E+00    0.000000000000000E+00    0.000000000000000E+00    0.000000000000000E+00    0.000000000000000E+00    0.000000000000000E+00    0.000000000000000E+00    0.000000000000000E+00    0.000000000000000E+00    0.000000000000000E+00    0.000000000000000E+00
4.886304922006350E-06    6.092635292368360E-06    1.078060817286650E-05    1.116092229312800E-05    1.791339946222320E-05    2.437524562053570E-05    5.066414085690960E-05    1.169883116449380E-04    1.040472977556970E-04    1.925332561499480E-04    2.914748144223870E-04    5.270126996786920E-04    1.154308535136790E-03    2.556106512628670E-03    5.300261295824420E-03    1.530488139961880E-02    5.565846619771960E-02    1.740094152687880E-01    5.220187464783040E-01    6.705315296823270E-01    0.000000000000000E+00    0.000000000000000E+00    0.000000000000000E+00    0.000000000000000E+00    0.000000000000000E+00    0.000000000000000E+00    0.000000000000000E+00    0.000000000000000E+00    0.000000000000000E+00    0.000000000000000E+00
9.761679478103041E-07    2.244655107714660E-06    3.804920531599950E-06    3.952826645482830E-06    7.874021741636580E-06    1.183903566199030E-05    1.929375279193000E-05    3.953121336887280E-05    8.003638288899730E-05    7.417264786104540E-05    1.028376693891100E-04    2.115194043138120E-04    4.354141110251040E-04    9.404016318295440E-04    1.935289937576780E-03    5.731081424454740E-03    2.043443127433520E-02    6.415862688387440E-02    1.848941903606520E-01    5.345127442244260E-01    6.040184331796200E-01    0.000000000000000E+00    0.000000000000000E+00    0.000000000000000E+00    0.000000000000000E+00    0.000000000000000E+00    0.000000000000000E+00    0.000000000000000E+00    0.000000000000000E+00    0.000000000000000E+00
9.772609844012701E-07    9.619950461634260E-07    1.902460265799980E-06    1.395115286641000E-06    3.149608696654630E-06    5.107034991446800E-06    6.627625004861450E-06    1.685594884764120E-05    1.600727657779950E-05    3.314097032089260E-05    4.381249820127750E-05    7.341667879560100E-05    1.514483864435140E-04    3.118394135221120E-04    7.247630617764151E-04    2.119640404290730E-03    7.423713736289170E-03    2.360486522124840E-02    6.785242514372029E-02    1.898319224630970E-01    5.372043598324761E-01    6.055956637898570E-01    0.000000000000000E+00    0.000000000000000E+00    0.000000000000000E+00    0.000000000000000E+00    0.000000000000000E+00    0.000000000000000E+00    0.000000000000000E+00    0.000000000000000E+00
0.000000000000000E+00    9.619950461634260E-07    3.170767109666630E-07    6.975576433205000E-07    5.905516306227430E-07    1.624965679096710E-06    1.472805556635880E-06    4.414653269620310E-06    0.000000000000000E+00    1.578141443852030E-05    1.582117990601690E-05    3.135090608028370E-05    5.388067594625030E-05    1.283634274900860E-04    2.519414452841820E-04    7.664852190322950E-04    2.779862965721020E-03    8.919489380435110E-03    2.527879758649330E-02    6.978611431431690E-02    1.907819765832630E-01    5.385411691800860E-01    6.059216430198940E-01    0.000000000000000E+00    0.000000000000000E+00    0.000000000000000E+00    0.000000000000000E+00    0.000000000000000E+00    0.000000000000000E+00    0.000000000000000E+00
4.886304922006350E-07    9.619950461634260E-07    0.000000000000000E+00    0.000000000000000E+00    5.905516306227430E-07    2.321379541566730E-07    1.325525000972290E-06    1.404662403970100E-06    8.003638288899729E-06    4.208377183605410E-06    5.476562275159680E-06    7.936938248173070E-06    2.232892877051810E-05    3.488136616578430E-05    8.714413004692610E-05    2.694201599284130E-04    1.029119652787000E-03    3.211566338213720E-03    9.059042915415091E-03    2.553420724611700E-02    7.008688081120799E-02    1.916048947090950E-01    5.396382436021580E-01    6.068214175279359E-01    6.474473106656720E-06    0.000000000000000E+00    0.000000000000000E+00    0.000000000000000E+00    0.000000000000000E+00    0.000000000000000E+00
0.000000000000000E+00    0.000000000000000E+00    0.000000000000000E+00    0.000000000000000E+00    0.000000000000000E+00    2.321379541566730E-07    4.418416669907630E-07    6.019981731300430E-07    0.000000000000000E+00    1.052094295901350E-06    1.825520758386560E-06    1.984234562043270E-06    9.708229900225280E-06    1.674305575957650E-05    4.486628477663520E-05    1.168496423959190E-04    3.496527013083530E-04    1.110146822325330E-03    3.293023440386100E-03    9.226589319231770E-03    2.580546769280560E-02    7.004671457069769E-02    1.917235532549570E-01    5.396210229172260E-01    6.087183147514820E-01    1.719826114507600E-05    0.000000000000000E+00    0.000000000000000E+00    0.000000000000000E+00    0.000000000000000E+00
0.000000000000000E+00    0.000000000000000E+00    0.000000000000000E+00    0.000000000000000E+00    0.000000000000000E+00    0.000000000000000E+00    1.472805556635880E-07    4.013321154200280E-07    0.000000000000000E+00    5.260471479506760E-07    0.000000000000000E+00    1.587387649634620E-06    4.854114950112640E-06    5.581018586525490E-06    1.725626337562890E-05    4.298613787621880E-05    1.578810069737480E-04    4.204803893409220E-04    1.270934863756860E-03    3.665992301184590E-03    9.495619352062430E-03    2.583251601047440E-02    7.035461714145159E-02    1.915460750788120E-01    5.394468865730200E-01    6.137335246303670E-01    1.426396993626020E-04    0.000000000000000E+00    0.000000000000000E+00    0.000000000000000E+00
0.000000000000000E+00    0.000000000000000E+00    0.000000000000000E+00    0.000000000000000E+00    0.000000000000000E+00    0.000000000000000E+00    0.000000000000000E+00    0.000000000000000E+00    0.000000000000000E+00    5.260471479506760E-07    6.085069194621870E-07    3.968469124086540E-07    1.456234485033790E-06    2.092881969947060E-06    8.628131687814460E-07    1.392508691764830E-05    5.124933210666170E-05    1.463821916163490E-04    4.756589413891030E-04    1.283040783794180E-03    3.406531583391830E-03    9.652843349665799E-03    2.576352385168690E-02    7.036449387697150E-02    1.917497784123830E-01    5.381023356354701E-01    6.228456022626940E-01    1.018537170337380E-03    0.000000000000000E+00    0.000000000000000E+00
0.000000000000000E+00    0.000000000000000E+00    0.000000000000000E+00    0.000000000000000E+00    0.000000000000000E+00    0.000000000000000E+00    0.000000000000000E+00    0.000000000000000E+00    0.000000000000000E+00    0.000000000000000E+00    0.000000000000000E+00    0.000000000000000E+00    4.854114950112640E-07    6.976273233156860E-07    8.628131687814460E-07    4.238069931458190E-06    1.322563409204170E-05    4.519181754598690E-05    1.549658089593460E-04    4.544338282689500E-04    1.208957307315990E-03    3.547215930086040E-03    9.605902774529520E-03    2.597642147111730E-02    7.059894964960620E-02    1.925077439944140E-01    5.410097735309850E-01    6.551812207099690E-01    4.759278127386470E-03    6.505944946027650E-07
0.000000000000000E+00    0.000000000000000E+00    0.000000000000000E+00    0.000000000000000E+00    0.000000000000000E+00    0.000000000000000E+00    0.000000000000000E+00    0.000000000000000E+00    0.000000000000000E+00    0.000000000000000E+00    0.000000000000000E+00    0.000000000000000E+00    0.000000000000000E+00    0.000000000000000E+00    1.725626337562890E-06    3.027192808184420E-06    4.133010653763040E-06    2.456077040542770E-05    5.703602690864810E-05    1.797387529720480E-04    4.884793748943100E-04    1.256405642354560E-03    3.555415552572660E-03    9.754107099430811E-03    2.610119088217590E-02    7.059680462637991E-02    1.928771072987910E-01    5.404873287869500E-01    6.405924587401800E-01    2.040210623148850E-02
0.000000000000000E+00    0.000000000000000E+00    0.000000000000000E+00    0.000000000000000E+00    0.000000000000000E+00    0.000000000000000E+00    0.000000000000000E+00    0.000000000000000E+00    0.000000000000000E+00    0.000000000000000E+00    0.000000000000000E+00    0.000000000000000E+00    0.000000000000000E+00    0.000000000000000E+00    0.000000000000000E+00    1.210877123273770E-06    2.479806392257820E-06    9.824308162171070E-06    3.551299788651680E-05    1.153041056801820E-04    2.494858859842060E-04    6.624029747657290E-04    1.841131365118160E-03    5.194778965530310E-03    1.366890762277370E-02    3.762350221451970E-02    1.016642613736600E-01    2.780331086627420E-01    8.818388303596020E-01    1.971853298820740E+00
                    
                    
2.613576287436270E-02    0.000000000000000E+00    0.000000000000000E+00    0.000000000000000E+00    0.000000000000000E+00    0.000000000000000E+00    0.000000000000000E+00    0.000000000000000E+00    0.000000000000000E+00    0.000000000000000E+00    0.000000000000000E+00    0.000000000000000E+00    0.000000000000000E+00    0.000000000000000E+00    0.000000000000000E+00    0.000000000000000E+00    0.000000000000000E+00    0.000000000000000E+00    0.000000000000000E+00    0.000000000000000E+00    0.000000000000000E+00    0.000000000000000E+00    0.000000000000000E+00    0.000000000000000E+00    0.000000000000000E+00    0.000000000000000E+00    0.000000000000000E+00    0.000000000000000E+00    0.000000000000000E+00    0.000000000000000E+00
9.866407537775920E-03    2.351608822199740E-02    0.000000000000000E+00    0.000000000000000E+00    0.000000000000000E+00    0.000000000000000E+00    0.000000000000000E+00    0.000000000000000E+00    0.000000000000000E+00    0.000000000000000E+00    0.000000000000000E+00    0.000000000000000E+00    0.000000000000000E+00    0.000000000000000E+00    0.000000000000000E+00    0.000000000000000E+00    0.000000000000000E+00    0.000000000000000E+00    0.000000000000000E+00    0.000000000000000E+00    0.000000000000000E+00    0.000000000000000E+00    0.000000000000000E+00    0.000000000000000E+00    0.000000000000000E+00    0.000000000000000E+00    0.000000000000000E+00    0.000000000000000E+00    0.000000000000000E+00    0.000000000000000E+00
5.221637158317060E-03    1.273017670685100E-02    2.232950920837790E-02    0.000000000000000E+00    0.000000000000000E+00    0.000000000000000E+00    0.000000000000000E+00    0.000000000000000E+00    0.000000000000000E+00    0.000000000000000E+00    0.000000000000000E+00    0.000000000000000E+00    0.000000000000000E+00    0.000000000000000E+00    0.000000000000000E+00    0.000000000000000E+00    0.000000000000000E+00    0.000000000000000E+00    0.000000000000000E+00    0.000000000000000E+00    0.000000000000000E+00    0.000000000000000E+00    0.000000000000000E+00    0.000000000000000E+00    0.000000000000000E+00    0.000000000000000E+00    0.000000000000000E+00    0.000000000000000E+00    0.000000000000000E+00    0.000000000000000E+00
5.313661648235000E-03    8.941979839014950E-03    1.803708143496440E-02    2.369695726803120E-02    0.000000000000000E+00    0.000000000000000E+00    0.000000000000000E+00    0.000000000000000E+00    0.000000000000000E+00    0.000000000000000E+00    0.000000000000000E+00    0.000000000000000E+00    0.000000000000000E+00    0.000000000000000E+00    0.000000000000000E+00    0.000000000000000E+00    0.000000000000000E+00    0.000000000000000E+00    0.000000000000000E+00    0.000000000000000E+00    0.000000000000000E+00    0.000000000000000E+00    0.000000000000000E+00    0.000000000000000E+00    0.000000000000000E+00    0.000000000000000E+00    0.000000000000000E+00    0.000000000000000E+00    0.000000000000000E+00    0.000000000000000E+00
8.433700870031830E-03    8.365561005805180E-03    9.632528430026819E-03    2.252814134002190E-02    2.384631484842090E-02    0.000000000000000E+00    0.000000000000000E+00    0.000000000000000E+00    0.000000000000000E+00    0.000000000000000E+00    0.000000000000000E+00    0.000000000000000E+00    0.000000000000000E+00    0.000000000000000E+00    0.000000000000000E+00    0.000000000000000E+00    0.000000000000000E+00    0.000000000000000E+00    0.000000000000000E+00    0.000000000000000E+00    0.000000000000000E+00    0.000000000000000E+00    0.000000000000000E+00    0.000000000000000E+00    0.000000000000000E+00    0.000000000000000E+00    0.000000000000000E+00    0.000000000000000E+00    0.000000000000000E+00    0.000000000000000E+00
5.860656056372590E-03    8.720131461394311E-03    7.961148667098831E-03    9.385886813071559E-03    2.191515906429830E-02    2.716726273452580E-02    0.000000000000000E+00    0.000000000000000E+00    0.000000000000000E+00    0.000000000000000E+00    0.000000000000000E+00    0.000000000000000E+00    0.000000000000000E+00    0.000000000000000E+00    0.000000000000000E+00    0.000000000000000E+00    0.000000000000000E+00    0.000000000000000E+00    0.000000000000000E+00    0.000000000000000E+00    0.000000000000000E+00    0.000000000000000E+00    0.000000000000000E+00    0.000000000000000E+00    0.000000000000000E+00    0.000000000000000E+00    0.000000000000000E+00    0.000000000000000E+00    0.000000000000000E+00    0.000000000000000E+00
1.008185051809970E-02    1.108879159623040E-02    1.542440212140820E-02    1.680876669877310E-02    1.845697616747930E-02    4.072372672081960E-02    6.481408418042039E-02    0.000000000000000E+00    0.000000000000000E+00    0.000000000000000E+00    0.000000000000000E+00    0.000000000000000E+00    0.000000000000000E+00    0.000000000000000E+00    0.000000000000000E+00    0.000000000000000E+00    0.000000000000000E+00    0.000000000000000E+00    0.000000000000000E+00    0.000000000000000E+00    0.000000000000000E+00    0.000000000000000E+00    0.000000000000000E+00    0.000000000000000E+00    0.000000000000000E+00    0.000000000000000E+00    0.000000000000000E+00    0.000000000000000E+00    0.000000000000000E+00    0.000000000000000E+00
7.787210920860900E-03    7.097386691075490E-03    7.339242657855700E-03    1.133264253606300E-02    1.486661123407950E-02    1.783527013357210E-02    4.401483843528860E-02    7.976162016352810E-02    0.000000000000000E+00    0.000000000000000E+00    0.000000000000000E+00    0.000000000000000E+00    0.000000000000000E+00    0.000000000000000E+00    0.000000000000000E+00    0.000000000000000E+00    0.000000000000000E+00    0.000000000000000E+00    0.000000000000000E+00    0.000000000000000E+00    0.000000000000000E+00    0.000000000000000E+00    0.000000000000000E+00    0.000000000000000E+00    0.000000000000000E+00    0.000000000000000E+00    0.000000000000000E+00    0.000000000000000E+00    0.000000000000000E+00    0.000000000000000E+00
2.832240808329670E-04    3.463378841426570E-04    1.605985898945690E-04    2.048862053401750E-04    3.343334661061580E-04    4.178013615006760E-04    6.350921655516020E-04    2.569199754245870E-03    1.770321030230560E-03    0.000000000000000E+00    0.000000000000000E+00    0.000000000000000E+00    0.000000000000000E+00    0.000000000000000E+00    0.000000000000000E+00    0.000000000000000E+00    0.000000000000000E+00    0.000000000000000E+00    0.000000000000000E+00    0.000000000000000E+00    0.000000000000000E+00    0.000000000000000E+00    0.000000000000000E+00    0.000000000000000E+00    0.000000000000000E+00    0.000000000000000E+00    0.000000000000000E+00    0.000000000000000E+00    0.000000000000000E+00    0.000000000000000E+00
2.433136734584890E-03    2.694744173233560E-03    3.009570501534740E-03    3.586552867867390E-03    6.653847736619430E-03    6.884878679758440E-03    1.173584465423120E-02    3.498147712348910E-02    7.373667345756631E-02    5.358679454521430E-02    0.000000000000000E+00    0.000000000000000E+00    0.000000000000000E+00    0.000000000000000E+00    0.000000000000000E+00    0.000000000000000E+00    0.000000000000000E+00    0.000000000000000E+00    0.000000000000000E+00    0.000000000000000E+00    0.000000000000000E+00    0.000000000000000E+00    0.000000000000000E+00    0.000000000000000E+00    0.000000000000000E+00    0.000000000000000E+00    0.000000000000000E+00    0.000000000000000E+00    0.000000000000000E+00    0.000000000000000E+00
1.813975268491670E-03    2.495785193082990E-03    2.576912144579190E-03    2.484894244306870E-03    5.253665092343450E-03    5.097730503430380E-03    8.576549959618981E-03    2.024371718119600E-02    3.643750072743500E-02    6.398953734894521E-02    6.481870520053540E-02    0.000000000000000E+00    0.000000000000000E+00    0.000000000000000E+00    0.000000000000000E+00    0.000000000000000E+00    0.000000000000000E+00    0.000000000000000E+00    0.000000000000000E+00    0.000000000000000E+00    0.000000000000000E+00    0.000000000000000E+00    0.000000000000000E+00    0.000000000000000E+00    0.000000000000000E+00    0.000000000000000E+00    0.000000000000000E+00    0.000000000000000E+00    0.000000000000000E+00    0.000000000000000E+00
2.158057601290280E-03    2.914093163217790E-03    3.520743871725190E-03    3.103233287810200E-03    5.933462236270890E-03    8.033960915687900E-03    1.228769246064810E-02    2.829938937507300E-02    4.123804422165210E-02    5.229198353998890E-02    1.079604328960250E-01    1.531549636078570E-01    0.000000000000000E+00    0.000000000000000E+00    0.000000000000000E+00    0.000000000000000E+00    0.000000000000000E+00    0.000000000000000E+00    0.000000000000000E+00    0.000000000000000E+00    0.000000000000000E+00    0.000000000000000E+00    0.000000000000000E+00    0.000000000000000E+00    0.000000000000000E+00    0.000000000000000E+00    0.000000000000000E+00    0.000000000000000E+00    0.000000000000000E+00    0.000000000000000E+00
1.222257829837630E-03    1.243432331316170E-03    2.232015425501480E-03    2.014345491339870E-03    2.921254156012120E-03    4.811154519941590E-03    7.386991384228540E-03    1.691321163921420E-02    2.749202948110140E-02    3.102363460326960E-02    4.619098225122990E-02    1.148794895939430E-01    1.616278906947480E-01    0.000000000000000E+00    0.000000000000000E+00    0.000000000000000E+00    0.000000000000000E+00    0.000000000000000E+00    0.000000000000000E+00    0.000000000000000E+00    0.000000000000000E+00    0.000000000000000E+00    0.000000000000000E+00    0.000000000000000E+00    0.000000000000000E+00    0.000000000000000E+00    0.000000000000000E+00    0.000000000000000E+00    0.000000000000000E+00    0.000000000000000E+00
7.686579466190170E-04    9.764150644677980E-04    9.932996204920770E-04    1.185276119974380E-03    1.635261553037890E-03    2.718695821671710E-03    4.821799095209640E-03    1.043913488734830E-02    1.276415654479710E-02    1.761643572949480E-02    2.820739123144370E-02    5.083094270487790E-02    1.271119420975240E-01    2.534692869010980E-01    0.000000000000000E+00    0.000000000000000E+00    0.000000000000000E+00    0.000000000000000E+00    0.000000000000000E+00    0.000000000000000E+00    0.000000000000000E+00    0.000000000000000E+00    0.000000000000000E+00    0.000000000000000E+00    0.000000000000000E+00    0.000000000000000E+00    0.000000000000000E+00    0.000000000000000E+00    0.000000000000000E+00    0.000000000000000E+00
4.470400437628850E-04    4.905092014103340E-04    6.437497695126010E-04    7.386843171520870E-04    9.797285818529870E-04    1.639101692236510E-03    2.861454927899430E-03    6.144479988001670E-03    7.854865566028969E-03    1.166114506695760E-02    1.676024594582510E-02    3.017959102736880E-02    6.311892356960640E-02    1.760718487606490E-01    2.142607113358930E-01    0.000000000000000E+00    0.000000000000000E+00    0.000000000000000E+00    0.000000000000000E+00    0.000000000000000E+00    0.000000000000000E+00    0.000000000000000E+00    0.000000000000000E+00    0.000000000000000E+00    0.000000000000000E+00    0.000000000000000E+00    0.000000000000000E+00    0.000000000000000E+00    0.000000000000000E+00    0.000000000000000E+00
3.691617152355930E-04    4.726966006793250E-04    3.850006435165550E-04    6.399113286136630E-04    1.005267420899300E-03    1.651648704983930E-03    2.768897391458120E-03    6.218933342862920E-03    8.227547891287689E-03    1.184822226054520E-02    1.702740826617790E-02    2.882255461247110E-02    6.181900284538150E-02    1.399990551699790E-01    3.186108064642300E-01    4.035440508734160E-01    0.000000000000000E+00    0.000000000000000E+00    0.000000000000000E+00    0.000000000000000E+00    0.000000000000000E+00    0.000000000000000E+00    0.000000000000000E+00    0.000000000000000E+00    0.000000000000000E+00    0.000000000000000E+00    0.000000000000000E+00    0.000000000000000E+00    0.000000000000000E+00    0.000000000000000E+00
1.073118335231740E-04    1.622876089997260E-04    1.418423423482040E-04    1.319030450394900E-04    3.351682030493630E-04    5.490826888180840E-04    1.325409736803340E-03    2.093714251577500E-03    3.436503685137680E-03    3.897441533074080E-03    6.362292937470360E-03    1.009065132284630E-02    2.377295538636750E-02    5.218473778829550E-02    1.048263977430940E-01    3.246525409951500E-01    5.007680212748460E-01    0.000000000000000E+00    0.000000000000000E+00    0.000000000000000E+00    0.000000000000000E+00    0.000000000000000E+00    0.000000000000000E+00    0.000000000000000E+00    0.000000000000000E+00    0.000000000000000E+00    0.000000000000000E+00    0.000000000000000E+00    0.000000000000000E+00    0.000000000000000E+00
3.066052386376400E-05    4.081114323536000E-05    4.052638352805840E-05    8.793536335965969E-05    1.365500086497410E-04    2.604226750438800E-04    3.405566684841920E-04    9.795154393345000E-04    4.909290978768110E-04    1.371899419642080E-03    2.059470546233180E-03    3.463610293883180E-03    8.803769693316020E-03    1.819467869247080E-02    3.895215057274610E-02    1.114776568063610E-01    4.307009747123770E-01    5.580623850862750E-01    0.000000000000000E+00    0.000000000000000E+00    0.000000000000000E+00    0.000000000000000E+00    0.000000000000000E+00    0.000000000000000E+00    0.000000000000000E+00    0.000000000000000E+00    0.000000000000000E+00    0.000000000000000E+00    0.000000000000000E+00    0.000000000000000E+00
4.599078579564600E-05    4.081114323536000E-05    2.026319176402920E-05    5.862357557310650E-05    4.965454859990570E-05    1.010310048209710E-04    1.012465771169220E-04    2.938546318003500E-04    9.818581957536220E-04    6.235906452918520E-04    6.619726755749511E-04    1.500897794016050E-03    2.999391567438900E-03    8.477520621546849E-03    1.372784385066890E-02    4.225928554391560E-02    1.478187973472970E-01    4.979183850791100E-01    6.024125494494190E-01    0.000000000000000E+00    0.000000000000000E+00    0.000000000000000E+00    0.000000000000000E+00    0.000000000000000E+00    0.000000000000000E+00    0.000000000000000E+00    0.000000000000000E+00    0.000000000000000E+00    0.000000000000000E+00    0.000000000000000E+00
3.066052386376400E-05    2.040557161768000E-05    0.000000000000000E+00    0.000000000000000E+00    2.482727429995290E-05    2.886600137742040E-05    2.761270285006960E-05    1.224394299168130E-04    0.000000000000000E+00    6.235906452918519E-05    4.413151170499670E-04    5.772683823138630E-04    8.609364684315350E-04    2.319321679479800E-03    5.093369626573280E-03    1.536701292506020E-02    5.647160951289660E-02    1.726758881711490E-01    5.102533992496380E-01    6.698303136714260E-01    0.000000000000000E+00    0.000000000000000E+00    0.000000000000000E+00    0.000000000000000E+00    0.000000000000000E+00    0.000000000000000E+00    0.000000000000000E+00    0.000000000000000E+00    0.000000000000000E+00    0.000000000000000E+00
0.000000000000000E+00    0.000000000000000E+00    2.026319176402920E-05    0.000000000000000E+00    0.000000000000000E+00    0.000000000000000E+00    4.602117141678270E-05    4.897577196672500E-05    0.000000000000000E+00    6.235906452918519E-05    1.838812987708200E-04    2.539980882181000E-04    3.332657297154330E-04    4.798596578234070E-04    1.406740182577380E-03    5.411861073608160E-03    2.052293647380800E-02    6.287654623623350E-02    1.921448482270590E-01    5.335740470611620E-01    5.951642844365100E-01    0.000000000000000E+00    0.000000000000000E+00    0.000000000000000E+00    0.000000000000000E+00    0.000000000000000E+00    0.000000000000000E+00    0.000000000000000E+00    0.000000000000000E+00    0.000000000000000E+00
0.000000000000000E+00    0.000000000000000E+00    0.000000000000000E+00    0.000000000000000E+00    0.000000000000000E+00    0.000000000000000E+00    0.000000000000000E+00    0.000000000000000E+00    4.909290978768110E-04    3.117953226459260E-05    3.677625975416390E-05    2.309073529255450E-05    2.221771531436220E-04    6.398128770978760E-04    4.365745394205660E-04    1.770547141365630E-03    7.914073542187400E-03    2.283576057335850E-02    6.762106954252529E-02    1.866557293249860E-01    5.474163290825000E-01    6.067025980976920E-01    0.000000000000000E+00    0.000000000000000E+00    0.000000000000000E+00    0.000000000000000E+00    0.000000000000000E+00    0.000000000000000E+00    0.000000000000000E+00    0.000000000000000E+00
0.000000000000000E+00    0.000000000000000E+00    0.000000000000000E+00    0.000000000000000E+00    0.000000000000000E+00    0.000000000000000E+00    0.000000000000000E+00    1.224394299168130E-05    0.000000000000000E+00    0.000000000000000E+00    0.000000000000000E+00    2.309073529255450E-05    5.554428828590550E-05    1.199649144558520E-04    2.910496929470440E-04    8.351637459271850E-04    3.442845552251020E-03    8.133284587771520E-03    2.452315965982040E-02    7.210504401512620E-02    1.913319364209730E-01    5.452062003735521E-01    6.048823976792540E-01    0.000000000000000E+00    0.000000000000000E+00    0.000000000000000E+00    0.000000000000000E+00    0.000000000000000E+00    0.000000000000000E+00    0.000000000000000E+00
0.000000000000000E+00    0.000000000000000E+00    0.000000000000000E+00    0.000000000000000E+00    0.000000000000000E+00    0.000000000000000E+00    0.000000000000000E+00    0.000000000000000E+00    0.000000000000000E+00    0.000000000000000E+00    3.677625975416390E-05    0.000000000000000E+00    2.777214414295270E-05    7.997660963723441E-05    4.850828215784070E-05    3.674720482079610E-04    1.162519277383460E-03    3.441005017903330E-03    9.203199506202610E-03    2.545570784663560E-02    6.876084164710330E-02    1.900663666870730E-01    5.359650027419690E-01    6.027082715984020E-01    0.000000000000000E+00    0.000000000000000E+00    0.000000000000000E+00    0.000000000000000E+00    0.000000000000000E+00    0.000000000000000E+00
0.000000000000000E+00    0.000000000000000E+00    0.000000000000000E+00    0.000000000000000E+00    0.000000000000000E+00    0.000000000000000E+00    0.000000000000000E+00    0.000000000000000E+00    0.000000000000000E+00    0.000000000000000E+00    0.000000000000000E+00    0.000000000000000E+00    0.000000000000000E+00    7.997660963723441E-05    0.000000000000000E+00    3.340654983708740E-05    3.576982391949110E-04    1.303410991630050E-03    3.535375420065640E-03    9.983775325171321E-03    2.515495846278840E-02    6.593039373738740E-02    1.931159587319910E-01    5.376010553239000E-01    6.130810563562150E-01    0.000000000000000E+00    0.000000000000000E+00    0.000000000000000E+00    0.000000000000000E+00    0.000000000000000E+00
0.000000000000000E+00    0.000000000000000E+00    0.000000000000000E+00    0.000000000000000E+00    0.000000000000000E+00    0.000000000000000E+00    0.000000000000000E+00    0.000000000000000E+00    0.000000000000000E+00    0.000000000000000E+00    0.000000000000000E+00    0.000000000000000E+00    0.000000000000000E+00    7.997660963723441E-05    0.000000000000000E+00    3.340654983708740E-05    1.788491195974550E-04    6.777737156476260E-04    1.234575543514980E-03    4.437233477853920E-03    9.255126226874990E-03    2.437208923807140E-02    7.177223033188970E-02    1.943020908438150E-01    5.386753412655459E-01    6.094332104312750E-01    6.573564451341030E-05    0.000000000000000E+00    0.000000000000000E+00    0.000000000000000E+00
0.000000000000000E+00    0.000000000000000E+00    0.000000000000000E+00    0.000000000000000E+00    0.000000000000000E+00    0.000000000000000E+00    0.000000000000000E+00    0.000000000000000E+00    0.000000000000000E+00    0.000000000000000E+00    0.000000000000000E+00    0.000000000000000E+00    0.000000000000000E+00    0.000000000000000E+00    0.000000000000000E+00    0.000000000000000E+00    0.000000000000000E+00    2.085457586608080E-04    2.805853507988600E-04    1.109308369463480E-03    2.966386611177880E-03    9.042224754173930E-03    2.706664618448380E-02    7.439773740031209E-02    1.905419168877870E-01    5.428872908308620E-01    6.246924518464430E-01    1.116552541768830E-03    0.000000000000000E+00    0.000000000000000E+00
0.000000000000000E+00    0.000000000000000E+00    0.000000000000000E+00    0.000000000000000E+00    0.000000000000000E+00    0.000000000000000E+00    0.000000000000000E+00    0.000000000000000E+00    0.000000000000000E+00    0.000000000000000E+00    0.000000000000000E+00    0.000000000000000E+00    0.000000000000000E+00    0.000000000000000E+00    0.000000000000000E+00    0.000000000000000E+00    0.000000000000000E+00    5.213643966520200E-05    1.683512104793160E-04    4.086925571707550E-04    1.839159698930290E-03    3.233643289572130E-03    9.731827841612171E-03    2.659719112061160E-02    6.873544321798820E-02    1.933793396446710E-01    5.381805010769510E-01    6.550609767757700E-01    4.269159411113150E-03    0.000000000000000E+00
0.000000000000000E+00    0.000000000000000E+00    0.000000000000000E+00    0.000000000000000E+00    0.000000000000000E+00    0.000000000000000E+00    0.000000000000000E+00    0.000000000000000E+00    0.000000000000000E+00    0.000000000000000E+00    0.000000000000000E+00    0.000000000000000E+00    0.000000000000000E+00    0.000000000000000E+00    0.000000000000000E+00    0.000000000000000E+00    0.000000000000000E+00    0.000000000000000E+00    5.611707015977200E-05    2.919232551219680E-04    4.746218577884610E-04    1.616821644786070E-03    3.649435440604560E-03    8.865730373537200E-03    2.468711451949620E-02    6.822568717746100E-02    1.918264327266600E-01    5.398604410744020E-01    6.347038204834470E-01    2.017929696489790E-02
0.000000000000000E+00    0.000000000000000E+00    0.000000000000000E+00    0.000000000000000E+00    0.000000000000000E+00    0.000000000000000E+00    0.000000000000000E+00    0.000000000000000E+00    0.000000000000000E+00    0.000000000000000E+00    0.000000000000000E+00    0.000000000000000E+00    0.000000000000000E+00    0.000000000000000E+00    0.000000000000000E+00    0.000000000000000E+00    0.000000000000000E+00    0.000000000000000E+00    5.611707015977200E-05    5.838465102439360E-05    3.559663933413450E-04    5.389405482620220E-04    2.189661264362740E-03    4.773854816520030E-03    1.453657504701300E-02    3.866331490461450E-02    1.037615209556630E-01    2.787032920260560E-01    8.891115315492000E-01    1.973765430780890E+00
   











7.598706806725833E-03    0.000000000000000E+00    0.000000000000000E+00    0.000000000000000E+00    0.000000000000000E+00    0.000000000000000E+00    0.000000000000000E+00    0.000000000000000E+00    0.000000000000000E+00    0.000000000000000E+00    0.000000000000000E+00    0.000000000000000E+00    0.000000000000000E+00    0.000000000000000E+00    0.000000000000000E+00    0.000000000000000E+00    0.000000000000000E+00    0.000000000000000E+00    0.000000000000000E+00    0.000000000000000E+00    0.000000000000000E+00    0.000000000000000E+00    0.000000000000000E+00    0.000000000000000E+00    0.000000000000000E+00    0.000000000000000E+00    0.000000000000000E+00    0.000000000000000E+00    0.000000000000000E+00    0.000000000000000E+00
1.996823031651310E-03    7.161282459782200E-03    0.000000000000000E+00    0.000000000000000E+00    0.000000000000000E+00    0.000000000000000E+00    0.000000000000000E+00    0.000000000000000E+00    0.000000000000000E+00    0.000000000000000E+00    0.000000000000000E+00    0.000000000000000E+00    0.000000000000000E+00    0.000000000000000E+00    0.000000000000000E+00    0.000000000000000E+00    0.000000000000000E+00    0.000000000000000E+00    0.000000000000000E+00    0.000000000000000E+00    0.000000000000000E+00    0.000000000000000E+00    0.000000000000000E+00    0.000000000000000E+00    0.000000000000000E+00    0.000000000000000E+00    0.000000000000000E+00    0.000000000000000E+00    0.000000000000000E+00    0.000000000000000E+00
8.517264229178733E-04    2.364335291551577E-03    6.659334246672300E-03    0.000000000000000E+00    0.000000000000000E+00    0.000000000000000E+00    0.000000000000000E+00    0.000000000000000E+00    0.000000000000000E+00    0.000000000000000E+00    0.000000000000000E+00    0.000000000000000E+00    0.000000000000000E+00    0.000000000000000E+00    0.000000000000000E+00    0.000000000000000E+00    0.000000000000000E+00    0.000000000000000E+00    0.000000000000000E+00    0.000000000000000E+00    0.000000000000000E+00    0.000000000000000E+00    0.000000000000000E+00    0.000000000000000E+00    0.000000000000000E+00    0.000000000000000E+00    0.000000000000000E+00    0.000000000000000E+00    0.000000000000000E+00    0.000000000000000E+00
1.423667398478620E-03    1.311545102585487E-03    2.698944953041937E-03    6.539631968583867E-03    0.000000000000000E+00    0.000000000000000E+00    0.000000000000000E+00    0.000000000000000E+00    0.000000000000000E+00    0.000000000000000E+00    0.000000000000000E+00    0.000000000000000E+00    0.000000000000000E+00    0.000000000000000E+00    0.000000000000000E+00    0.000000000000000E+00    0.000000000000000E+00    0.000000000000000E+00    0.000000000000000E+00    0.000000000000000E+00    0.000000000000000E+00    0.000000000000000E+00    0.000000000000000E+00    0.000000000000000E+00    0.000000000000000E+00    0.000000000000000E+00    0.000000000000000E+00    0.000000000000000E+00    0.000000000000000E+00    0.000000000000000E+00
1.723261536336856E-03    2.037360770872270E-03    2.070330100692577E-03    2.358215959492563E-03    5.754925149909134E-03    0.000000000000000E+00    0.000000000000000E+00    0.000000000000000E+00    0.000000000000000E+00    0.000000000000000E+00    0.000000000000000E+00    0.000000000000000E+00    0.000000000000000E+00    0.000000000000000E+00    0.000000000000000E+00    0.000000000000000E+00    0.000000000000000E+00    0.000000000000000E+00    0.000000000000000E+00    0.000000000000000E+00    0.000000000000000E+00    0.000000000000000E+00    0.000000000000000E+00    0.000000000000000E+00    0.000000000000000E+00    0.000000000000000E+00    0.000000000000000E+00    0.000000000000000E+00    0.000000000000000E+00    0.000000000000000E+00
8.878680442935333E-04    1.536459322869413E-03    1.944519745743123E-03    2.411946031208684E-03    3.206736287125893E-03    6.353596670932267E-03    0.000000000000000E+00    0.000000000000000E+00    0.000000000000000E+00    0.000000000000000E+00    0.000000000000000E+00    0.000000000000000E+00    0.000000000000000E+00    0.000000000000000E+00    0.000000000000000E+00    0.000000000000000E+00    0.000000000000000E+00    0.000000000000000E+00    0.000000000000000E+00    0.000000000000000E+00    0.000000000000000E+00    0.000000000000000E+00    0.000000000000000E+00    0.000000000000000E+00    0.000000000000000E+00    0.000000000000000E+00    0.000000000000000E+00    0.000000000000000E+00    0.000000000000000E+00    0.000000000000000E+00
1.487447707297957E-03    1.528548075219210E-03    1.953674691995687E-03    3.147973617652327E-03    4.555084895825733E-03    6.806749505808033E-03    1.311566551308290E-02    0.000000000000000E+00    0.000000000000000E+00    0.000000000000000E+00    0.000000000000000E+00    0.000000000000000E+00    0.000000000000000E+00    0.000000000000000E+00    0.000000000000000E+00    0.000000000000000E+00    0.000000000000000E+00    0.000000000000000E+00    0.000000000000000E+00    0.000000000000000E+00    0.000000000000000E+00    0.000000000000000E+00    0.000000000000000E+00    0.000000000000000E+00    0.000000000000000E+00    0.000000000000000E+00    0.000000000000000E+00    0.000000000000000E+00    0.000000000000000E+00    0.000000000000000E+00
6.230182885374633E-04    9.217667075164967E-04    1.027404055651507E-03    1.162014178243093E-03    2.316976518888103E-03    3.779051504147000E-03    7.883169865001734E-03    1.379625081205017E-02    0.000000000000000E+00    0.000000000000000E+00    0.000000000000000E+00    0.000000000000000E+00    0.000000000000000E+00    0.000000000000000E+00    0.000000000000000E+00    0.000000000000000E+00    0.000000000000000E+00    0.000000000000000E+00    0.000000000000000E+00    0.000000000000000E+00    0.000000000000000E+00    0.000000000000000E+00    0.000000000000000E+00    0.000000000000000E+00    0.000000000000000E+00    0.000000000000000E+00    0.000000000000000E+00    0.000000000000000E+00    0.000000000000000E+00    0.000000000000000E+00
1.227665186621910E-05    1.812726022244510E-05    2.010891205684653E-05    2.148382558999127E-05    4.540880612924399E-05    7.857825218042833E-05    1.748714564342500E-04    5.150509992943166E-04    1.258035081717630E-03    0.000000000000000E+00    0.000000000000000E+00    0.000000000000000E+00    0.000000000000000E+00    0.000000000000000E+00    0.000000000000000E+00    0.000000000000000E+00    0.000000000000000E+00    0.000000000000000E+00    0.000000000000000E+00    0.000000000000000E+00    0.000000000000000E+00    0.000000000000000E+00    0.000000000000000E+00    0.000000000000000E+00    0.000000000000000E+00    0.000000000000000E+00    0.000000000000000E+00    0.000000000000000E+00    0.000000000000000E+00    0.000000000000000E+00
1.774835175180840E-04    2.151475451008073E-04    2.968113124560006E-04    3.477396948535667E-04    6.883743494158000E-04    1.077310515678673E-03    2.482846949317243E-03    6.299583643318199E-03    1.315145886342043E-02    1.257324449495710E-02    0.000000000000000E+00    0.000000000000000E+00    0.000000000000000E+00    0.000000000000000E+00    0.000000000000000E+00    0.000000000000000E+00    0.000000000000000E+00    0.000000000000000E+00    0.000000000000000E+00    0.000000000000000E+00    0.000000000000000E+00    0.000000000000000E+00    0.000000000000000E+00    0.000000000000000E+00    0.000000000000000E+00    0.000000000000000E+00    0.000000000000000E+00    0.000000000000000E+00    0.000000000000000E+00    0.000000000000000E+00
1.212283158949170E-04    1.311212659760813E-04    2.269882022437590E-04    2.638406008289066E-04    3.850347284611800E-04    7.707266655863867E-04    1.708976378368583E-03    4.963567580165900E-03    7.618708056690467E-03    7.995981442895100E-03    1.462000683996193E-02    0.000000000000000E+00    0.000000000000000E+00    0.000000000000000E+00    0.000000000000000E+00    0.000000000000000E+00    0.000000000000000E+00    0.000000000000000E+00    0.000000000000000E+00    0.000000000000000E+00    0.000000000000000E+00    0.000000000000000E+00    0.000000000000000E+00    0.000000000000000E+00    0.000000000000000E+00    0.000000000000000E+00    0.000000000000000E+00    0.000000000000000E+00    0.000000000000000E+00    0.000000000000000E+00
1.401582247062077E-04    1.682641134542423E-04    2.347541498565960E-04    3.174936991349120E-04    3.724889703632367E-04    9.702112764872300E-04    1.997854728030593E-03    5.805159930753134E-03    9.383995813925633E-03    1.240652886809310E-02    1.837827049499170E-02    2.589915040458547E-02    0.000000000000000E+00    0.000000000000000E+00    0.000000000000000E+00    0.000000000000000E+00    0.000000000000000E+00    0.000000000000000E+00    0.000000000000000E+00    0.000000000000000E+00    0.000000000000000E+00    0.000000000000000E+00    0.000000000000000E+00    0.000000000000000E+00    0.000000000000000E+00    0.000000000000000E+00    0.000000000000000E+00    0.000000000000000E+00    0.000000000000000E+00    0.000000000000000E+00
5.346696865734200E-05    7.685409204340067E-05    9.872672681023133E-05    1.502250921375500E-04    2.268747096050203E-04    3.558174011403700E-04    9.389608472091900E-04    2.763283724696737E-03    4.541459082060900E-03    5.976301625472033E-03    9.948252782716467E-03    1.748880574998810E-02    3.170408486516393E-02    0.000000000000000E+00    0.000000000000000E+00    0.000000000000000E+00    0.000000000000000E+00    0.000000000000000E+00    0.000000000000000E+00    0.000000000000000E+00    0.000000000000000E+00    0.000000000000000E+00    0.000000000000000E+00    0.000000000000000E+00    0.000000000000000E+00    0.000000000000000E+00    0.000000000000000E+00    0.000000000000000E+00    0.000000000000000E+00    0.000000000000000E+00
2.429564431779770E-05    3.569554276272700E-05    4.443185082982700E-05    6.990470604308767E-05    9.758785986376267E-05    2.046613490490787E-04    4.419091195516800E-04    1.316368530426823E-03    2.076076387437957E-03    2.847696162982350E-03    4.774730013185200E-03    1.036925810589610E-02    2.747091679672930E-02    4.226229758447000E-02    0.000000000000000E+00    0.000000000000000E+00    0.000000000000000E+00    0.000000000000000E+00    0.000000000000000E+00    0.000000000000000E+00    0.000000000000000E+00    0.000000000000000E+00    0.000000000000000E+00    0.000000000000000E+00    0.000000000000000E+00    0.000000000000000E+00    0.000000000000000E+00    0.000000000000000E+00    0.000000000000000E+00    0.000000000000000E+00
1.135512113373230E-05    1.406449169128600E-05    2.131245448028247E-05    3.319629712404550E-05    4.880152892307500E-05    9.594601121559466E-05    2.129880773499027E-04    6.208948202959867E-04    1.054416104816173E-03    1.342979326081927E-03    2.246593358388020E-03    4.901671279855233E-03    1.317252845599490E-02    3.235586308117096E-02    4.011003032606800E-02    0.000000000000000E+00    0.000000000000000E+00    0.000000000000000E+00    0.000000000000000E+00    0.000000000000000E+00    0.000000000000000E+00    0.000000000000000E+00    0.000000000000000E+00    0.000000000000000E+00    0.000000000000000E+00    0.000000000000000E+00    0.000000000000000E+00    0.000000000000000E+00    0.000000000000000E+00    0.000000000000000E+00
9.297277640359167E-06    1.070861804186527E-05    1.578910172064750E-05    2.259218845364957E-05    3.465316613922967E-05    5.711434082557633E-05    1.494503192983763E-04    4.345439728942333E-04    6.985473874524100E-04    9.356230619012932E-04    1.559864899268493E-03    3.402519144154934E-03    9.222898763754634E-03    2.606859214380143E-02    6.588909790116333E-02    8.588614108137099E-02    0.000000000000000E+00    0.000000000000000E+00    0.000000000000000E+00    0.000000000000000E+00    0.000000000000000E+00    0.000000000000000E+00    0.000000000000000E+00    0.000000000000000E+00    0.000000000000000E+00    0.000000000000000E+00    0.000000000000000E+00    0.000000000000000E+00    0.000000000000000E+00    0.000000000000000E+00
1.904476199301410E-06    2.299688173014320E-06    4.628739127659700E-06    5.507177709327200E-06    8.768638697269067E-06    1.388173769107840E-05    3.415462002788600E-05    9.921793264680067E-05    1.532448017038553E-04    2.091422076385377E-04    3.488350303331867E-04    7.706028963362900E-04    2.064414785229886E-03    5.833903343016266E-03    1.550781795124303E-02    6.779297519062367E-02    1.145627367082927E-01    0.000000000000000E+00    0.000000000000000E+00    0.000000000000000E+00    0.000000000000000E+00    0.000000000000000E+00    0.000000000000000E+00    0.000000000000000E+00    0.000000000000000E+00    0.000000000000000E+00    0.000000000000000E+00    0.000000000000000E+00    0.000000000000000E+00    0.000000000000000E+00
1.700820040635687E-07    4.308987514410633E-07    1.078755749726447E-06    1.180134227944547E-06    2.176382707158487E-06    3.410298061929733E-06    8.227440740944400E-06    2.203840018070303E-05    3.602450202125534E-05    4.719914065155067E-05    7.924851526868466E-05    1.721395419471107E-04    4.638436102152900E-04    1.320068551921787E-03    3.456629769355100E-03    1.534283223966723E-02    9.023125312800601E-02    1.316259788668380E-01    0.000000000000000E+00    0.000000000000000E+00    0.000000000000000E+00    0.000000000000000E+00    0.000000000000000E+00    0.000000000000000E+00    0.000000000000000E+00    0.000000000000000E+00    0.000000000000000E+00    0.000000000000000E+00    0.000000000000000E+00    0.000000000000000E+00
1.440011957417523E-07    1.329954569186587E-07    3.069073358702507E-07    4.779815164655567E-07    5.867906691550967E-07    1.039205223847337E-06    2.139134581796797E-06    5.650865778189300E-06    8.928461978371766E-06    1.080735655554790E-05    1.961391440538214E-05    3.945869642093700E-05    1.048975030961700E-04    2.993627316747847E-04    7.869257289231034E-04    3.427029246600967E-03    2.048746517572637E-02    1.039449355270317E-01    1.401401513204183E-01    0.000000000000000E+00    0.000000000000000E+00    0.000000000000000E+00    0.000000000000000E+00    0.000000000000000E+00    0.000000000000000E+00    0.000000000000000E+00    0.000000000000000E+00    0.000000000000000E+00    0.000000000000000E+00    0.000000000000000E+00
7.490589012887333E-08    9.840826965618167E-08    1.630339242982453E-07    1.603872061259367E-07    2.527239409872163E-07    2.991056969176717E-07    6.711790340841400E-07    1.698065028789157E-06    1.526848979458936E-06    2.995500254646000E-06    4.826536687971200E-06    9.853434215618800E-06    2.580627523384047E-05    7.055379411816067E-05    1.815769692759113E-04    7.745129034326866E-04    4.599008007248734E-03    2.362792853341803E-02    1.099676597988937E-01    1.426308064462816E-01    0.000000000000000E+00    0.000000000000000E+00    0.000000000000000E+00    0.000000000000000E+00    0.000000000000000E+00    0.000000000000000E+00    0.000000000000000E+00    0.000000000000000E+00    0.000000000000000E+00    0.000000000000000E+00
-5.828777143451133E-08    4.635221716401500E-08    8.069633879757101E-08    7.510758385374933E-08    1.430801992773713E-07    1.959578366618503E-07    2.922076674605123E-07    5.537388742341733E-07    1.107459189583533E-06    1.016779854249773E-06    1.441252249338640E-06    3.052059064773540E-06    6.942479663839534E-06    1.759435634362647E-05    4.333371800921433E-05    1.818136588159563E-04    1.035672723646120E-03    5.314665979890567E-03    2.511966251636490E-02    1.139156759920387E-01    1.437394823970900E-01    0.000000000000000E+00    0.000000000000000E+00    0.000000000000000E+00    0.000000000000000E+00    0.000000000000000E+00    0.000000000000000E+00    0.000000000000000E+00    0.000000000000000E+00    0.000000000000000E+00
3.322170291600667E-08    2.829449340363330E-08    5.991808314947767E-08    4.219462291112734E-08    8.080730630463900E-08    1.206531911373457E-07    1.387303142606953E-07    2.879044465630533E-07    2.498079604874633E-07    5.031148777980200E-07    6.497223754583767E-07    1.039080618582273E-06    2.078030965613413E-06    4.591743072413134E-06    1.166662278117313E-05    4.436499792313400E-05    2.364917556341370E-04    1.200178406626097E-03    5.616653254060567E-03    2.583549503058064E-02    1.143494777485963E-01    1.441877717472510E-01    0.000000000000000E+00    0.000000000000000E+00    0.000000000000000E+00    0.000000000000000E+00    0.000000000000000E+00    0.000000000000000E+00    0.000000000000000E+00    0.000000000000000E+00
0.000000000000000E+00    5.042364421434600E-08    1.401123199022963E-08    3.032546696843590E-08    2.146894857300610E-08    5.216878816421233E-08    4.517252412198500E-08    1.106413293021860E-07    0.000000000000000E+00    3.305420430942227E-07    2.996144844529087E-07    5.500337927070634E-07    8.219709759734701E-07    1.762440879246767E-06    3.415912980764700E-06    1.185067246119037E-05    5.827885918218366E-05    2.836015428823177E-04    1.286058004746473E-03    5.776210375498533E-03    2.590276956267127E-02    1.145624074644857E-01    1.444322465214220E-01    0.000000000000000E+00    0.000000000000000E+00    0.000000000000000E+00    0.000000000000000E+00    0.000000000000000E+00    0.000000000000000E+00    0.000000000000000E+00
4.193004845678700E-08    6.874969893419201E-08    0.000000000000000E+00    0.000000000000000E+00    3.405124713833166E-08    1.132131313613777E-08    6.643843242352867E-08    5.039292385752400E-08    3.249420605068260E-07    1.412617571248413E-07    1.401742459747873E-07    1.946972447376190E-07    4.398561285169234E-07    5.733882196371633E-07    1.359573932639237E-06    3.847326965522767E-06    1.587155096831780E-05    6.724170750353800E-05    2.895985077958830E-04    1.296458466353740E-03    5.791730313905400E-03    2.599797416933973E-02    1.147602328197153E-01    1.446901459417173E-01    2.152468633422850E-06    0.000000000000000E+00    0.000000000000000E+00    0.000000000000000E+00    0.000000000000000E+00    0.000000000000000E+00
0.000000000000000E+00    0.000000000000000E+00    0.000000000000000E+00    0.000000000000000E+00    0.000000000000000E+00    2.493572425426043E-08    3.518795943346934E-08    3.931558455962367E-08    0.000000000000000E+00    5.596196775260967E-08    7.687286396341633E-08    6.608851247154567E-08    2.696942893108900E-07    3.950058184230567E-07    8.564464080996067E-07    1.866905895557623E-06    4.852740803299734E-06    1.660280496969120E-05    6.950513268568367E-05    2.921728798289240E-04    1.307090689527443E-03    5.786602765301601E-03    2.600637990008446E-02    1.146536383875577E-01    1.446577397600827E-01    5.537257487724067E-06    0.000000000000000E+00    0.000000000000000E+00    0.000000000000000E+00    0.000000000000000E+00
0.000000000000000E+00    0.000000000000000E+00    0.000000000000000E+00    0.000000000000000E+00    0.000000000000000E+00    0.000000000000000E+00    1.575559285535540E-08    3.900850071218066E-08    0.000000000000000E+00    3.952944228700600E-08    0.000000000000000E+00    1.095110384232223E-07    2.449312233131703E-07    3.113504288020953E-07    4.680334673793634E-07    1.030119609235170E-06    2.852854939064680E-06    5.191058234794100E-06    2.010954500183190E-05    7.646903683277033E-05    2.994905914181987E-04    1.307966671477920E-03    5.793515830884566E-03    2.588940137847967E-02    1.144303548492870E-01    1.460653653951190E-01    4.153377873949400E-05    0.000000000000000E+00    0.000000000000000E+00    0.000000000000000E+00
0.000000000000000E+00    0.000000000000000E+00    0.000000000000000E+00    0.000000000000000E+00    0.000000000000000E+00    0.000000000000000E+00    0.000000000000000E+00    0.000000000000000E+00    0.000000000000000E+00    8.815986524771335E-08    9.771695448795234E-08    2.787223905771286E-08    1.206030528409873E-07    1.652576327412563E-07    7.331233615229800E-08    4.966129240414500E-07    1.174301346096147E-06    2.648216297649087E-06    7.557958549226833E-06    1.867016931219733E-05    6.891860325642400E-05    3.066844119254260E-04    1.297457909821707E-03    5.747540967689166E-03    2.573302378271610E-02    1.132519240927013E-01    1.475509328768363E-01    2.598434514700877E-04    0.000000000000000E+00    0.000000000000000E+00
0.000000000000000E+00    0.000000000000000E+00    0.000000000000000E+00    0.000000000000000E+00    0.000000000000000E+00    0.000000000000000E+00    0.000000000000000E+00    0.000000000000000E+00    0.000000000000000E+00    0.000000000000000E+00    0.000000000000000E+00    0.000000000000000E+00    2.743284870648854E-08    1.113124709866047E-07    1.045098444491850E-07    3.117758864724754E-07    4.788664794262934E-07    8.219518929810233E-07    2.950451645547643E-06    5.693858990152700E-06    1.575460618122217E-05    7.076999857129267E-05    3.014160603113673E-04    1.267091071223533E-03    5.636359308439066E-03    2.530275810841977E-02    1.114657649928193E-01    1.535437143524057E-01    1.109042898139417E-03    9.404558955719867E-08
0.000000000000000E+00    0.000000000000000E+00    0.000000000000000E+00    0.000000000000000E+00    0.000000000000000E+00    0.000000000000000E+00    0.000000000000000E+00    0.000000000000000E+00    0.000000000000000E+00    0.000000000000000E+00    0.000000000000000E+00    0.000000000000000E+00    0.000000000000000E+00    0.000000000000000E+00    1.853823269888956E-07    2.504077159108696E-07    9.038525896203633E-08    1.109364384372190E-06    2.110597411306013E-07    3.359070559988700E-06    7.982264146430666E-06    1.556238292526683E-05    6.560394297895733E-05    2.825441688411347E-04    1.202934775404873E-03    5.334114223278601E-03    2.377121837871837E-02    1.045936484077893E-01    1.434999971733253E-01    3.083201162198670E-03
0.000000000000000E+00    0.000000000000000E+00    0.000000000000000E+00    0.000000000000000E+00    0.000000000000000E+00    0.000000000000000E+00    0.000000000000000E+00    0.000000000000000E+00    0.000000000000000E+00    0.000000000000000E+00    0.000000000000000E+00    0.000000000000000E+00    0.000000000000000E+00    0.000000000000000E+00    0.000000000000000E+00   -7.947415653514100E-08   -1.294454985182553E-07    7.765016193762500E-07    2.168168233900320E-06    1.700844821225213E-06    3.694537895542533E-06    6.239499462132867E-06    1.911395963036580E-05    6.942954403511400E-05    2.778506048002414E-04    1.151338311504160E-03    5.139425357770933E-03    2.311195089816173E-02    1.220632836083230E-01    2.338263141128980E-01
                   
2.580043176720437E-03    0.000000000000000E+00    0.000000000000000E+00    0.000000000000000E+00    0.000000000000000E+00    0.000000000000000E+00    0.000000000000000E+00    0.000000000000000E+00    0.000000000000000E+00    0.000000000000000E+00    0.000000000000000E+00    0.000000000000000E+00    0.000000000000000E+00    0.000000000000000E+00    0.000000000000000E+00    0.000000000000000E+00    0.000000000000000E+00    0.000000000000000E+00    0.000000000000000E+00    0.000000000000000E+00    0.000000000000000E+00    0.000000000000000E+00    0.000000000000000E+00    0.000000000000000E+00    0.000000000000000E+00    0.000000000000000E+00    0.000000000000000E+00    0.000000000000000E+00    0.000000000000000E+00    0.000000000000000E+00
6.139788649616767E-04    2.374473495641650E-03    0.000000000000000E+00    0.000000000000000E+00    0.000000000000000E+00    0.000000000000000E+00    0.000000000000000E+00    0.000000000000000E+00    0.000000000000000E+00    0.000000000000000E+00    0.000000000000000E+00    0.000000000000000E+00    0.000000000000000E+00    0.000000000000000E+00    0.000000000000000E+00    0.000000000000000E+00    0.000000000000000E+00    0.000000000000000E+00    0.000000000000000E+00    0.000000000000000E+00    0.000000000000000E+00    0.000000000000000E+00    0.000000000000000E+00    0.000000000000000E+00    0.000000000000000E+00    0.000000000000000E+00    0.000000000000000E+00    0.000000000000000E+00    0.000000000000000E+00    0.000000000000000E+00
3.256164802672610E-04    7.479020789671100E-04    2.243785915096783E-03    0.000000000000000E+00    0.000000000000000E+00    0.000000000000000E+00    0.000000000000000E+00    0.000000000000000E+00    0.000000000000000E+00    0.000000000000000E+00    0.000000000000000E+00    0.000000000000000E+00    0.000000000000000E+00    0.000000000000000E+00    0.000000000000000E+00    0.000000000000000E+00    0.000000000000000E+00    0.000000000000000E+00    0.000000000000000E+00    0.000000000000000E+00    0.000000000000000E+00    0.000000000000000E+00    0.000000000000000E+00    0.000000000000000E+00    0.000000000000000E+00    0.000000000000000E+00    0.000000000000000E+00    0.000000000000000E+00    0.000000000000000E+00    0.000000000000000E+00
4.514494347813566E-04    4.599270433792134E-04    9.392946052827334E-04    2.168215039004790E-03    0.000000000000000E+00    0.000000000000000E+00    0.000000000000000E+00    0.000000000000000E+00    0.000000000000000E+00    0.000000000000000E+00    0.000000000000000E+00    0.000000000000000E+00    0.000000000000000E+00    0.000000000000000E+00    0.000000000000000E+00    0.000000000000000E+00    0.000000000000000E+00    0.000000000000000E+00    0.000000000000000E+00    0.000000000000000E+00    0.000000000000000E+00    0.000000000000000E+00    0.000000000000000E+00    0.000000000000000E+00    0.000000000000000E+00    0.000000000000000E+00    0.000000000000000E+00    0.000000000000000E+00    0.000000000000000E+00    0.000000000000000E+00
5.655652610011933E-04    7.088462398892700E-04    6.036347150334933E-04    8.423367605999301E-04    1.930097847362210E-03    0.000000000000000E+00    0.000000000000000E+00    0.000000000000000E+00    0.000000000000000E+00    0.000000000000000E+00    0.000000000000000E+00    0.000000000000000E+00    0.000000000000000E+00    0.000000000000000E+00    0.000000000000000E+00    0.000000000000000E+00    0.000000000000000E+00    0.000000000000000E+00    0.000000000000000E+00    0.000000000000000E+00    0.000000000000000E+00    0.000000000000000E+00    0.000000000000000E+00    0.000000000000000E+00    0.000000000000000E+00    0.000000000000000E+00    0.000000000000000E+00    0.000000000000000E+00    0.000000000000000E+00    0.000000000000000E+00
2.722257992712877E-04    5.199501112224600E-04    6.215456074034167E-04    8.245364117881233E-04    1.101854359791503E-03    2.092309639762413E-03    0.000000000000000E+00    0.000000000000000E+00    0.000000000000000E+00    0.000000000000000E+00    0.000000000000000E+00    0.000000000000000E+00    0.000000000000000E+00    0.000000000000000E+00    0.000000000000000E+00    0.000000000000000E+00    0.000000000000000E+00    0.000000000000000E+00    0.000000000000000E+00    0.000000000000000E+00    0.000000000000000E+00    0.000000000000000E+00    0.000000000000000E+00    0.000000000000000E+00    0.000000000000000E+00    0.000000000000000E+00    0.000000000000000E+00    0.000000000000000E+00    0.000000000000000E+00    0.000000000000000E+00
4.882944384100166E-04    5.125212094287166E-04    6.710655814413433E-04    1.035723875982520E-03    1.462810233712217E-03    2.307431698090723E-03    4.385577654922767E-03    0.000000000000000E+00    0.000000000000000E+00    0.000000000000000E+00    0.000000000000000E+00    0.000000000000000E+00    0.000000000000000E+00    0.000000000000000E+00    0.000000000000000E+00    0.000000000000000E+00    0.000000000000000E+00    0.000000000000000E+00    0.000000000000000E+00    0.000000000000000E+00    0.000000000000000E+00    0.000000000000000E+00    0.000000000000000E+00    0.000000000000000E+00    0.000000000000000E+00    0.000000000000000E+00    0.000000000000000E+00    0.000000000000000E+00    0.000000000000000E+00    0.000000000000000E+00
2.249875990358290E-04    2.644191940391523E-04    2.995832756076900E-04    3.607570345215300E-04    8.282133428737600E-04    1.285028019795980E-03    2.666741569163170E-03    4.540897690151666E-03    0.000000000000000E+00    0.000000000000000E+00    0.000000000000000E+00    0.000000000000000E+00    0.000000000000000E+00    0.000000000000000E+00    0.000000000000000E+00    0.000000000000000E+00    0.000000000000000E+00    0.000000000000000E+00    0.000000000000000E+00    0.000000000000000E+00    0.000000000000000E+00    0.000000000000000E+00    0.000000000000000E+00    0.000000000000000E+00    0.000000000000000E+00    0.000000000000000E+00    0.000000000000000E+00    0.000000000000000E+00    0.000000000000000E+00    0.000000000000000E+00
7.866375561741600E-06    9.282828861787433E-06    5.009626253835866E-06    9.746746086620734E-06    1.206927537623573E-05    2.563262622946323E-05    4.890351899580600E-05    1.519201011962063E-04    1.872119073137810E-04    0.000000000000000E+00    0.000000000000000E+00    0.000000000000000E+00    0.000000000000000E+00    0.000000000000000E+00    0.000000000000000E+00    0.000000000000000E+00    0.000000000000000E+00    0.000000000000000E+00    0.000000000000000E+00    0.000000000000000E+00    0.000000000000000E+00    0.000000000000000E+00    0.000000000000000E+00    0.000000000000000E+00    0.000000000000000E+00    0.000000000000000E+00    0.000000000000000E+00    0.000000000000000E+00    0.000000000000000E+00    0.000000000000000E+00
4.734129116148133E-05    6.525455001549866E-05    9.084852170039733E-05    1.452038491111183E-04    2.463525265997030E-04    3.763078963259100E-04    8.463978079940401E-04    2.212212186841767E-03    4.422870910459567E-03    4.092240938520100E-03    0.000000000000000E+00    0.000000000000000E+00    0.000000000000000E+00    0.000000000000000E+00    0.000000000000000E+00    0.000000000000000E+00    0.000000000000000E+00    0.000000000000000E+00    0.000000000000000E+00    0.000000000000000E+00    0.000000000000000E+00    0.000000000000000E+00    0.000000000000000E+00    0.000000000000000E+00    0.000000000000000E+00    0.000000000000000E+00    0.000000000000000E+00    0.000000000000000E+00    0.000000000000000E+00    0.000000000000000E+00
3.502784039104300E-05    5.489044023861933E-05    7.952269365779067E-05    8.047280581723367E-05    1.341758704155263E-04    2.502415073595610E-04    5.411689784254866E-04    1.617962372373360E-03    2.910664865245720E-03    2.692145996291103E-03    4.781633497259200E-03    0.000000000000000E+00    0.000000000000000E+00    0.000000000000000E+00    0.000000000000000E+00    0.000000000000000E+00    0.000000000000000E+00    0.000000000000000E+00    0.000000000000000E+00    0.000000000000000E+00    0.000000000000000E+00    0.000000000000000E+00    0.000000000000000E+00    0.000000000000000E+00    0.000000000000000E+00    0.000000000000000E+00    0.000000000000000E+00    0.000000000000000E+00    0.000000000000000E+00    0.000000000000000E+00
5.930116077605934E-05    6.334918043518900E-05    7.155241754600734E-05    9.858868014559601E-05    1.337977147081437E-04    3.207750010885246E-04    6.557472680762266E-04    1.949128657922617E-03    3.180530563940650E-03    4.200271133184200E-03    5.960894907111366E-03    8.915933137907100E-03    0.000000000000000E+00    0.000000000000000E+00    0.000000000000000E+00    0.000000000000000E+00    0.000000000000000E+00    0.000000000000000E+00    0.000000000000000E+00    0.000000000000000E+00    0.000000000000000E+00    0.000000000000000E+00    0.000000000000000E+00    0.000000000000000E+00    0.000000000000000E+00    0.000000000000000E+00    0.000000000000000E+00    0.000000000000000E+00    0.000000000000000E+00    0.000000000000000E+00
2.319572159367343E-05    2.071116380685723E-05    3.468062506759833E-05    4.687024686023166E-05    6.911335232134666E-05    9.289008891029833E-05    3.011510203152867E-04    9.129833175928300E-04    1.647154124359210E-03    1.999206254488850E-03    3.380347777116433E-03    6.038288226856633E-03    1.056927251564113E-02    0.000000000000000E+00    0.000000000000000E+00    0.000000000000000E+00    0.000000000000000E+00    0.000000000000000E+00    0.000000000000000E+00    0.000000000000000E+00    0.000000000000000E+00    0.000000000000000E+00    0.000000000000000E+00    0.000000000000000E+00    0.000000000000000E+00    0.000000000000000E+00    0.000000000000000E+00    0.000000000000000E+00    0.000000000000000E+00    0.000000000000000E+00
1.025653872565110E-05    1.494879799045693E-05    1.196752314126910E-05    2.419505016058707E-05    3.234597830915407E-05    6.497067990845968E-05    1.502784553474147E-04    4.374841419654167E-04    6.032203078729933E-04    8.834350215320067E-04    1.604748707237250E-03    3.501286149872100E-03    9.267428952692867E-03    1.332161005476740E-02    0.000000000000000E+00    0.000000000000000E+00    0.000000000000000E+00    0.000000000000000E+00    0.000000000000000E+00    0.000000000000000E+00    0.000000000000000E+00    0.000000000000000E+00    0.000000000000000E+00    0.000000000000000E+00    0.000000000000000E+00    0.000000000000000E+00    0.000000000000000E+00    0.000000000000000E+00    0.000000000000000E+00    0.000000000000000E+00
5.386123505621500E-06    3.864410010340567E-06    6.726541598718300E-06    7.408229645631333E-06    1.449957500243327E-05    3.360083209274267E-05    7.125430603172000E-05    2.012823296321547E-04    2.819667283086250E-04    4.589456116881234E-04    7.403575419772501E-04    1.615756351374720E-03    4.333160861604866E-03    1.060749343793270E-02    1.336346954643247E-02    0.000000000000000E+00    0.000000000000000E+00    0.000000000000000E+00    0.000000000000000E+00    0.000000000000000E+00    0.000000000000000E+00    0.000000000000000E+00    0.000000000000000E+00    0.000000000000000E+00    0.000000000000000E+00    0.000000000000000E+00    0.000000000000000E+00    0.000000000000000E+00    0.000000000000000E+00    0.000000000000000E+00
4.814010048804533E-06   -2.678824176556683E-06    4.435854098841533E-06    6.738188432891800E-06    1.240052181876303E-05    2.416698249463987E-05    5.041475648666333E-05    1.448635918971760E-04    2.310943889031914E-04    3.338941014788134E-04    5.366975789689267E-04    1.120649493364197E-03    3.043335757274643E-03    8.930804515877600E-03    2.193484961583414E-02    2.897327126097613E-02    0.000000000000000E+00    0.000000000000000E+00    0.000000000000000E+00    0.000000000000000E+00    0.000000000000000E+00    0.000000000000000E+00    0.000000000000000E+00    0.000000000000000E+00    0.000000000000000E+00    0.000000000000000E+00    0.000000000000000E+00    0.000000000000000E+00    0.000000000000000E+00    0.000000000000000E+00
7.128732967239634E-07    2.607123987492020E-09    1.022848873627500E-06    1.042737967181033E-06    2.916262660010710E-06    4.533190103530033E-06    1.565993802205883E-05    3.000849798309857E-05    5.896412720170800E-05    6.717869526060900E-05    1.244989318359153E-04    2.389657705268600E-04    7.110625505195801E-04    2.008151805644323E-03    5.181540803289733E-03    2.249822501786783E-02    3.803523597299466E-02    0.000000000000000E+00    0.000000000000000E+00    0.000000000000000E+00    0.000000000000000E+00    0.000000000000000E+00    0.000000000000000E+00    0.000000000000000E+00    0.000000000000000E+00    0.000000000000000E+00    0.000000000000000E+00    0.000000000000000E+00    0.000000000000000E+00    0.000000000000000E+00
1.651329332026587E-07    2.154825561783997E-07    2.217241630137810E-07    4.958790886102401E-07    7.971791891957566E-07    6.541123245266933E-07    2.662682530750420E-06    9.038474982188566E-06    5.519241144102533E-06    1.472217089450960E-05    2.516073948354800E-05    4.937413160641701E-05    1.615304976541040E-04    4.320104456156267E-04    1.175472109694110E-03    5.056271036545100E-03    3.034528929784190E-02    4.337592313143567E-02    0.000000000000000E+00    0.000000000000000E+00    0.000000000000000E+00    0.000000000000000E+00    0.000000000000000E+00    0.000000000000000E+00    0.000000000000000E+00    0.000000000000000E+00    0.000000000000000E+00    0.000000000000000E+00    0.000000000000000E+00    0.000000000000000E+00
2.180425738760137E-07    1.923577695344783E-07    9.708786620263666E-08    2.744618859409513E-07    2.404755964046183E-07    4.886031631053200E-07    5.334636493629899E-07    1.840437475716540E-06    6.563633838583533E-06    4.290042307719733E-06    5.047010515406467E-06    1.396381494751317E-05    3.322031894990713E-05    1.242539162805437E-04    2.539451598184323E-04    1.159799670371240E-03    6.659979522930300E-03    3.539128252356600E-02    4.726568278715767E-02    0.000000000000000E+00    0.000000000000000E+00    0.000000000000000E+00    0.000000000000000E+00    0.000000000000000E+00    0.000000000000000E+00    0.000000000000000E+00    0.000000000000000E+00    0.000000000000000E+00    0.000000000000000E+00    0.000000000000000E+00
1.616923918390030E-07    9.427525412400600E-08    0.000000000000000E+00    0.000000000000000E+00    1.085481962534240E-07    1.232295530867713E-07    1.262406149910947E-07    5.914161743669967E-07    0.000000000000000E+00    3.175051182139660E-07    2.383554361128130E-06    3.654659180355300E-06    6.534373146091133E-06    2.135957249964570E-05    5.882087641203100E-05    2.586554831496523E-04    1.570778780781770E-03    7.871078016823666E-03    3.582327580979967E-02    4.771173343332500E-02    0.000000000000000E+00    0.000000000000000E+00    0.000000000000000E+00    0.000000000000000E+00    0.000000000000000E+00    0.000000000000000E+00    0.000000000000000E+00    0.000000000000000E+00    0.000000000000000E+00    0.000000000000000E+00
0.000000000000000E+00    0.000000000000000E+00    1.254171236617287E-07    0.000000000000000E+00    0.000000000000000E+00    0.000000000000000E+00    2.294405899834377E-07    2.292798334081853E-07    0.000000000000000E+00    2.624721129180610E-07    8.276591258253833E-07    1.210627828673120E-06    1.744174037519043E-06    3.043421261911217E-06    1.061417702688623E-05    5.711742870504967E-05    3.504220199073400E-04    1.744592950871280E-03    8.687799534293066E-03    3.776970225747033E-02    4.702023376025100E-02    0.000000000000000E+00    0.000000000000000E+00    0.000000000000000E+00    0.000000000000000E+00    0.000000000000000E+00    0.000000000000000E+00    0.000000000000000E+00    0.000000000000000E+00    0.000000000000000E+00
0.000000000000000E+00    0.000000000000000E+00    0.000000000000000E+00    0.000000000000000E+00    0.000000000000000E+00    0.000000000000000E+00    0.000000000000000E+00    0.000000000000000E+00    2.263882696068267E-06    1.804511457705100E-07    1.666930622295460E-07    7.537301750994567E-08    1.007348042032217E-06    3.220951604323497E-06    2.449568498501956E-06    1.179894824088817E-05    8.408443318004868E-05    3.870634110301734E-04    1.866291252617763E-03    8.436440699108301E-03    3.885678795339467E-02    4.831820312781333E-02    0.000000000000000E+00    0.000000000000000E+00    0.000000000000000E+00    0.000000000000000E+00    0.000000000000000E+00    0.000000000000000E+00    0.000000000000000E+00    0.000000000000000E+00
0.000000000000000E+00    0.000000000000000E+00    0.000000000000000E+00    0.000000000000000E+00    0.000000000000000E+00    0.000000000000000E+00    0.000000000000000E+00    1.084863922560393E-07    0.000000000000000E+00    0.000000000000000E+00    0.000000000000000E+00    1.608454789703033E-07    1.767104884126917E-07    6.458854113421600E-07    1.302293348658907E-06    4.741963880120300E-06    2.546015239252773E-05    8.686519351174301E-05    4.154537084562100E-04    1.985868979423800E-03    8.704235199059334E-03    3.858234742988934E-02    4.810139239153600E-02    0.000000000000000E+00    0.000000000000000E+00    0.000000000000000E+00    0.000000000000000E+00    0.000000000000000E+00    0.000000000000000E+00    0.000000000000000E+00
0.000000000000000E+00    0.000000000000000E+00    0.000000000000000E+00    0.000000000000000E+00    0.000000000000000E+00    0.000000000000000E+00    0.000000000000000E+00    0.000000000000000E+00    0.000000000000000E+00    0.000000000000000E+00    3.767727261719200E-07    0.000000000000000E+00    3.112658046117730E-07    4.842575968068700E-07    2.498573688285730E-07    1.909804886408286E-06    6.012581794273534E-06    2.500338628350947E-05    9.816666629134035E-05    4.280664080444633E-04    1.895370212396767E-03    8.641093034150100E-03    3.805955534945833E-02    4.762539828451134E-02    0.000000000000000E+00    0.000000000000000E+00    0.000000000000000E+00    0.000000000000000E+00    0.000000000000000E+00    0.000000000000000E+00
0.000000000000000E+00    0.000000000000000E+00    0.000000000000000E+00    0.000000000000000E+00    0.000000000000000E+00    0.000000000000000E+00    0.000000000000000E+00    0.000000000000000E+00    0.000000000000000E+00    0.000000000000000E+00    0.000000000000000E+00    0.000000000000000E+00    0.000000000000000E+00    8.951274747218967E-07    0.000000000000000E+00    4.437369114601500E-07    1.625775668698480E-06    6.970440502748934E-06    2.227095684862720E-05    1.066022527566690E-04    4.191738914455733E-04    1.835384401167020E-03    8.696598694170934E-03    3.807195335197900E-02    4.870841445605933E-02    0.000000000000000E+00    0.000000000000000E+00    0.000000000000000E+00    0.000000000000000E+00    0.000000000000000E+00
0.000000000000000E+00    0.000000000000000E+00    0.000000000000000E+00    0.000000000000000E+00    0.000000000000000E+00    0.000000000000000E+00    0.000000000000000E+00    0.000000000000000E+00    0.000000000000000E+00    0.000000000000000E+00    0.000000000000000E+00    0.000000000000000E+00    0.000000000000000E+00    1.194036773674920E-06    0.000000000000000E+00    1.837565010076984E-07    4.354515135577700E-07    3.174699957123683E-06    4.456330471892633E-06    3.112458515649093E-05    1.025582849855963E-04    4.123363522781167E-04    1.971084601319693E-03    8.792960254339366E-03    3.796444141659600E-02    4.849891831812866E-02    7.043208077935166E-06    0.000000000000000E+00    0.000000000000000E+00    0.000000000000000E+00
0.000000000000000E+00    0.000000000000000E+00    0.000000000000000E+00    0.000000000000000E+00    0.000000000000000E+00    0.000000000000000E+00    0.000000000000000E+00    0.000000000000000E+00    0.000000000000000E+00    0.000000000000000E+00    0.000000000000000E+00    0.000000000000000E+00    0.000000000000000E+00    0.000000000000000E+00    0.000000000000000E+00    0.000000000000000E+00    0.000000000000000E+00    7.685120418873134E-07    5.623272014501033E-07    3.953124704027033E-06    1.936680568371073E-05    1.037875659923580E-04    4.371795046194966E-04    2.045787941218443E-03    8.554284196217401E-03    3.783326002451933E-02    4.957822324713967E-02    9.700350880647966E-05    0.000000000000000E+00    0.000000000000000E+00
0.000000000000000E+00    0.000000000000000E+00    0.000000000000000E+00    0.000000000000000E+00    0.000000000000000E+00    0.000000000000000E+00    0.000000000000000E+00    0.000000000000000E+00    0.000000000000000E+00    0.000000000000000E+00    0.000000000000000E+00    0.000000000000000E+00    0.000000000000000E+00    0.000000000000000E+00    0.000000000000000E+00    0.000000000000000E+00    0.000000000000000E+00    1.441737660124593E-06    3.676942150795867E-07    7.993670915891766E-08    9.916524994032767E-06    1.899924354897510E-05    1.133956889248193E-04    4.250255769270867E-04    1.820251634683953E-03    8.557895672643701E-03    3.721599816403000E-02    5.096011478469534E-02    3.520193760688433E-04    0.000000000000000E+00
0.000000000000000E+00    0.000000000000000E+00    0.000000000000000E+00    0.000000000000000E+00    0.000000000000000E+00    0.000000000000000E+00    0.000000000000000E+00    0.000000000000000E+00    0.000000000000000E+00    0.000000000000000E+00    0.000000000000000E+00    0.000000000000000E+00    0.000000000000000E+00    0.000000000000000E+00    0.000000000000000E+00    0.000000000000000E+00    0.000000000000000E+00    0.000000000000000E+00    8.664954469960433E-07    1.262137538872140E-06    1.089854086240860E-05   -1.753825140047563E-06    1.470773297266107E-05    9.629292207048501E-05    4.044331629873033E-04    1.762431465090973E-03    7.871002191370900E-03    3.487711459050667E-02    4.776300264277400E-02    9.885332258746467E-04
0.000000000000000E+00    0.000000000000000E+00    0.000000000000000E+00    0.000000000000000E+00    0.000000000000000E+00    0.000000000000000E+00    0.000000000000000E+00    0.000000000000000E+00    0.000000000000000E+00    0.000000000000000E+00    0.000000000000000E+00    0.000000000000000E+00    0.000000000000000E+00    0.000000000000000E+00    0.000000000000000E+00    0.000000000000000E+00    0.000000000000000E+00    0.000000000000000E+00    6.574675304289600E-07   -1.430676087098710E-06   -5.088681376507066E-06   -8.004265229375766E-06   -4.571149679716133E-06    3.300534903358780E-05    9.082870253558532E-05    4.104276122314567E-04    1.818146750129987E-03    7.567578372836533E-03    4.048583026407634E-02    7.794331865029200E-02
                    

2 2 2
2 2 2
2 2 2

2 2 2
2 2 2
2 2 2


0 0 0
0 0 0
0 0 0

0 0 0
0 0 0
0 0 0

0 0 0
0 0 0
0 0 0

0 0 0
0 0 0
0 0 0

0 0 0
0 0 0
0 0 0

0 0 0
0 0 0
0 0 0

0 0 0
0 0 0
0 0 0

0 0 0
0 0 0
0 0 0

0 0 0
0 0 0
0 0 0

0 0 0
0 0 0
0 0 0

0 0 0
0 0 0
0 0 0

0 0 0
0 0 0
0 0 0

0 0 0
0 0 0
0 0 0

0 0 0
0 0 0
0 0 0

0 0 0
0 0 0
0 0 0

0 0 0
0 0 0
0 0 0

0 0 0
0 0 0
0 0 0

0 0 0
0 0 0
0 0 0

0 0 0
0 0 0
0 0 0

0 0 0
0 0 0
0 0 0

0 0 0
0 0 0
0 0 0

0 0 0
0 0 0
0 0 0

0 0 0
0 0 0
0 0 0

0 0 0
0 0 0
0 0 0

0 0 0
0 0 0
0 0 0

0 0 0
0 0 0
0 0 0

0 0 0
0 0 0
0 0 0

0 0 0
0 0 0
0 0 0

0 0 0
0 0 0
0 0 0

0 0 0
0 0 0
0 0 0