3
3

6
3

1
1
0
0

1 1 1
2 2 1
3 2 1

1 2 3
1 2 3
1 2 3

3 3 3
2 2 2
1 1 1

1.161747E-00 1.390244E-00 1.854291E-00 2.714682E-00 4.407603E-00 7.209129E-00

6.657451E-01 7.013912E-01 7.448311E-01 8.004205E-01 8.772300E-01 9.976588E-01

4.796793E-01 5.065580E-01 5.336687E-01 5.605406E-01 5.917395E-01 6.288088E-01

2.041652E-01	0.000000E+00	0.000000E+00	0.000000E+00	0.000000E+00	0.000000E+00
3.244188E-01	2.738539E-01	0.000000E+00	0.000000E+00	0.000000E+00	0.000000E+00
3.339761E-01	4.303869E-01	3.837164E-01	0.000000E+00	0.000000E+00	0.000000E+00
5.449945E-02	2.630530E-01	4.460448E-01	3.991194E-01	0.000000E+00	0.000000E+00
0.000000E+00	0.000000E+00	1.967812E-01	6.517237E-01	5.645112E-01	0.000000E+00
0.000000E+00	0.000000E+00	0.000000E+00	3.365743E-02	4.832681E-01	4.594185E-01

5.802512E-02	0.000000E+00	0.000000E+00	0.000000E+00	0.000000E+00	0.000000E+00
1.111103E-01	7.159290E-02	0.000000E+00	0.000000E+00	0.000000E+00	0.000000E+00
9.796432E-02	1.348693E-01	9.042196E-02	0.000000E+00	0.000000E+00	0.000000E+00
8.771453E-02	1.152773E-01	1.663256E-01	1.175411E-01	0.000000E+00	0.000000E+00
8.517981E-02	1.032039E-01	1.370248E-01	2.086607E-01	1.583912E-01	0.000000E+00
1.031201E-01	1.131625E-01	1.305787E-01	1.680806E-01	2.671489E-01	2.234279E-01


2.954812E-02	0.000000E+00	0.000000E+00	0.000000E+00	0.000000E+00	0.000000E+00
5.902055E-02	3.661841E-02	0.000000E+00	0.000000E+00	0.000000E+00	0.000000E+00
4.218481E-02	5.503907E-02	3.436163E-02	0.000000E+00	0.000000E+00	0.000000E+00
4.066694E-02	5.217418E-02	6.796928E-02	4.193709E-02	0.000000E+00	0.000000E+00
3.958439E-02	4.968289E-02	6.349551E-02	8.236419E-02	5.229186E-02	0.000000E+00
3.929054E-02	4.793542E-02	5.966016E-02	7.562407E-02	1.016149E-01	6.694811E-02


0 0 0 0 0 0
0 0 0 0 0 0
0 0 0 0 0 0
0 0 0 0 0 0
0 0 0 0 0 0
0 0 0 0 0 0

0 0 0 0 0 0
0 0 0 0 0 0
0 0 0 0 0 0
0 0 0 0 0 0
0 0 0 0 0 0
0 0 0 0 0 0

0 0 0 0 0 0
0 0 0 0 0 0
0 0 0 0 0 0
0 0 0 0 0 0
0 0 0 0 0 0
0 0 0 0 0 0

6 9 10
6 9 10
6 9 10

10 10 10
9 9 9
6 6 6

0   0 0
0   0 0
1.0   0 0

0 0 0
0   0 0
0.8   0 0

0 0 0
0   0 0
0.6   0 0

0 0 0
0   0 0
0.4   0 0

0 0 0
0   0 0
0.2   0 0

0 0 0
0 0 0
0 0 0



6 9 10
6 9 10
6 9 10

10 10 10
9 9 9
6 6 6