1
1

30
1

0
0
0
0

1

1
1

9.336110292803924E-02    9.879783723951586E-02    1.013524762912476E-01    1.060572674226889E-01    1.099519549721759E-01    1.206986462464790E-01    1.631129034978853E-01    2.094580330094419E-01    2.149419217616211E-01    2.481778236864342E-01    2.906514255267066E-01    3.937966985830521E-01    4.506570626887333E-01    6.532544985990435E-01    6.968346235876413E-01    9.062147393032020E-01    1.169425893934003E+00    1.327829671040681E+00    1.411490271907792E+00    1.505286751693987E+00    1.442896112966793E+00    1.446984748130635E+00    1.448805008119858E+00    1.449940419284454E+00    1.451380785502255E+00    1.454376185043374E+00    1.461498950077345E+00    1.479605526036213E+00    1.535736169756738E+00    2.014437283442237E+00
      
2.550097466594200E-02    0.000000000000000E+00    0.000000000000000E+00    0.000000000000000E+00    0.000000000000000E+00    0.000000000000000E+00    0.000000000000000E+00    0.000000000000000E+00    0.000000000000000E+00    0.000000000000000E+00    0.000000000000000E+00    0.000000000000000E+00    0.000000000000000E+00    0.000000000000000E+00    0.000000000000000E+00    0.000000000000000E+00    0.000000000000000E+00    0.000000000000000E+00    0.000000000000000E+00    0.000000000000000E+00    0.000000000000000E+00    0.000000000000000E+00    0.000000000000000E+00    0.000000000000000E+00    0.000000000000000E+00    0.000000000000000E+00    0.000000000000000E+00    0.000000000000000E+00    0.000000000000000E+00    0.000000000000000E+00
1.028757532182890E-02    2.377435057988370E-02    0.000000000000000E+00    0.000000000000000E+00    0.000000000000000E+00    0.000000000000000E+00    0.000000000000000E+00    0.000000000000000E+00    0.000000000000000E+00    0.000000000000000E+00    0.000000000000000E+00    0.000000000000000E+00    0.000000000000000E+00    0.000000000000000E+00    0.000000000000000E+00    0.000000000000000E+00    0.000000000000000E+00    0.000000000000000E+00    0.000000000000000E+00    0.000000000000000E+00    0.000000000000000E+00    0.000000000000000E+00    0.000000000000000E+00    0.000000000000000E+00    0.000000000000000E+00    0.000000000000000E+00    0.000000000000000E+00    0.000000000000000E+00    0.000000000000000E+00    0.000000000000000E+00
5.178494204696220E-03    1.309572107740920E-02    2.224678741516680E-02    0.000000000000000E+00    0.000000000000000E+00    0.000000000000000E+00    0.000000000000000E+00    0.000000000000000E+00    0.000000000000000E+00    0.000000000000000E+00    0.000000000000000E+00    0.000000000000000E+00    0.000000000000000E+00    0.000000000000000E+00    0.000000000000000E+00    0.000000000000000E+00    0.000000000000000E+00    0.000000000000000E+00    0.000000000000000E+00    0.000000000000000E+00    0.000000000000000E+00    0.000000000000000E+00    0.000000000000000E+00    0.000000000000000E+00    0.000000000000000E+00    0.000000000000000E+00    0.000000000000000E+00    0.000000000000000E+00    0.000000000000000E+00    0.000000000000000E+00
5.708587616547250E-03    8.495223987098590E-03    1.751115672915440E-02    2.378872044515680E-02    0.000000000000000E+00    0.000000000000000E+00    0.000000000000000E+00    0.000000000000000E+00    0.000000000000000E+00    0.000000000000000E+00    0.000000000000000E+00    0.000000000000000E+00    0.000000000000000E+00    0.000000000000000E+00    0.000000000000000E+00    0.000000000000000E+00    0.000000000000000E+00    0.000000000000000E+00    0.000000000000000E+00    0.000000000000000E+00    0.000000000000000E+00    0.000000000000000E+00    0.000000000000000E+00    0.000000000000000E+00    0.000000000000000E+00    0.000000000000000E+00    0.000000000000000E+00    0.000000000000000E+00    0.000000000000000E+00    0.000000000000000E+00
8.527573465085500E-03    7.985424717665361E-03    9.907941279329809E-03    2.166786277347530E-02    2.377696841786550E-02    0.000000000000000E+00    0.000000000000000E+00    0.000000000000000E+00    0.000000000000000E+00    0.000000000000000E+00    0.000000000000000E+00    0.000000000000000E+00    0.000000000000000E+00    0.000000000000000E+00    0.000000000000000E+00    0.000000000000000E+00    0.000000000000000E+00    0.000000000000000E+00    0.000000000000000E+00    0.000000000000000E+00    0.000000000000000E+00    0.000000000000000E+00    0.000000000000000E+00    0.000000000000000E+00    0.000000000000000E+00    0.000000000000000E+00    0.000000000000000E+00    0.000000000000000E+00    0.000000000000000E+00    0.000000000000000E+00
6.245232722975510E-03    8.867656122415451E-03    8.344746988554440E-03    9.207034652090310E-03    2.196983447563910E-02    2.751763311210290E-02    0.000000000000000E+00    0.000000000000000E+00    0.000000000000000E+00    0.000000000000000E+00    0.000000000000000E+00    0.000000000000000E+00    0.000000000000000E+00    0.000000000000000E+00    0.000000000000000E+00    0.000000000000000E+00    0.000000000000000E+00    0.000000000000000E+00    0.000000000000000E+00    0.000000000000000E+00    0.000000000000000E+00    0.000000000000000E+00    0.000000000000000E+00    0.000000000000000E+00    0.000000000000000E+00    0.000000000000000E+00    0.000000000000000E+00    0.000000000000000E+00    0.000000000000000E+00    0.000000000000000E+00
1.035973427721720E-02    1.083368301380210E-02    1.549307952203210E-02    1.729626150455990E-02    1.922639798713250E-02    4.069738216753120E-02    6.474248965157510E-02    0.000000000000000E+00    0.000000000000000E+00    0.000000000000000E+00    0.000000000000000E+00    0.000000000000000E+00    0.000000000000000E+00    0.000000000000000E+00    0.000000000000000E+00    0.000000000000000E+00    0.000000000000000E+00    0.000000000000000E+00    0.000000000000000E+00    0.000000000000000E+00    0.000000000000000E+00    0.000000000000000E+00    0.000000000000000E+00    0.000000000000000E+00    0.000000000000000E+00    0.000000000000000E+00    0.000000000000000E+00    0.000000000000000E+00    0.000000000000000E+00    0.000000000000000E+00
7.217134558061010E-03    8.038552678492889E-03    8.109044649447920E-03    1.156257681902310E-02    1.455980868867490E-02    1.755553370146970E-02    4.378090464201670E-02    8.083077858127059E-02    0.000000000000000E+00    0.000000000000000E+00    0.000000000000000E+00    0.000000000000000E+00    0.000000000000000E+00    0.000000000000000E+00    0.000000000000000E+00    0.000000000000000E+00    0.000000000000000E+00    0.000000000000000E+00    0.000000000000000E+00    0.000000000000000E+00    0.000000000000000E+00    0.000000000000000E+00    0.000000000000000E+00    0.000000000000000E+00    0.000000000000000E+00    0.000000000000000E+00    0.000000000000000E+00    0.000000000000000E+00    0.000000000000000E+00    0.000000000000000E+00
1.653391491722740E-04    2.010207004104650E-04    2.027295175092890E-04    2.318421288372150E-04    3.935214776855210E-04    4.275186035796060E-04    7.568566935296200E-04    2.817052936760440E-03    3.882621842708080E-03    0.000000000000000E+00    0.000000000000000E+00    0.000000000000000E+00    0.000000000000000E+00    0.000000000000000E+00    0.000000000000000E+00    0.000000000000000E+00    0.000000000000000E+00    0.000000000000000E+00    0.000000000000000E+00    0.000000000000000E+00    0.000000000000000E+00    0.000000000000000E+00    0.000000000000000E+00    0.000000000000000E+00    0.000000000000000E+00    0.000000000000000E+00    0.000000000000000E+00    0.000000000000000E+00    0.000000000000000E+00    0.000000000000000E+00
2.372800132913860E-03    2.973575263465810E-03    2.972746793985940E-03    3.321737338967050E-03    6.396246071845180E-03    6.478728910298300E-03    1.148039834266100E-02    3.339125216452520E-02    7.342185637105200E-02    5.402644859285090E-02    0.000000000000000E+00    0.000000000000000E+00    0.000000000000000E+00    0.000000000000000E+00    0.000000000000000E+00    0.000000000000000E+00    0.000000000000000E+00    0.000000000000000E+00    0.000000000000000E+00    0.000000000000000E+00    0.000000000000000E+00    0.000000000000000E+00    0.000000000000000E+00    0.000000000000000E+00    0.000000000000000E+00    0.000000000000000E+00    0.000000000000000E+00    0.000000000000000E+00    0.000000000000000E+00    0.000000000000000E+00
1.771235235584500E-03    2.190585821189040E-03    2.300337511218970E-03    2.465858284891910E-03    5.011810944925930E-03    5.187583158093910E-03    8.983839479513429E-03    2.049006408200110E-02    3.328648683259550E-02    6.421064295625560E-02    6.546309408195830E-02    0.000000000000000E+00    0.000000000000000E+00    0.000000000000000E+00    0.000000000000000E+00    0.000000000000000E+00    0.000000000000000E+00    0.000000000000000E+00    0.000000000000000E+00    0.000000000000000E+00    0.000000000000000E+00    0.000000000000000E+00    0.000000000000000E+00    0.000000000000000E+00    0.000000000000000E+00    0.000000000000000E+00    0.000000000000000E+00    0.000000000000000E+00    0.000000000000000E+00    0.000000000000000E+00
2.213592568269350E-03    2.615208405914200E-03    3.222122840628040E-03    3.432545368191420E-03    5.898003462020160E-03    8.096173775428209E-03    1.248993394589080E-02    2.805116884215030E-02    4.066648614589950E-02    5.120966568022660E-02    1.090218331134390E-01    1.525845388886780E-01    0.000000000000000E+00    0.000000000000000E+00    0.000000000000000E+00    0.000000000000000E+00    0.000000000000000E+00    0.000000000000000E+00    0.000000000000000E+00    0.000000000000000E+00    0.000000000000000E+00    0.000000000000000E+00    0.000000000000000E+00    0.000000000000000E+00    0.000000000000000E+00    0.000000000000000E+00    0.000000000000000E+00    0.000000000000000E+00    0.000000000000000E+00    0.000000000000000E+00
1.234820465792910E-03    1.440454613789860E-03    1.814462869502010E-03    2.086152453834390E-03    2.976481621738110E-03    5.004911930154650E-03    7.706710364797900E-03    1.715677961204230E-02    2.517944605687850E-02    3.089516530311170E-02    4.545861345746630E-02    1.144670914140150E-01    1.620253774335610E-01    0.000000000000000E+00    0.000000000000000E+00    0.000000000000000E+00    0.000000000000000E+00    0.000000000000000E+00    0.000000000000000E+00    0.000000000000000E+00    0.000000000000000E+00    0.000000000000000E+00    0.000000000000000E+00    0.000000000000000E+00    0.000000000000000E+00    0.000000000000000E+00    0.000000000000000E+00    0.000000000000000E+00    0.000000000000000E+00    0.000000000000000E+00
6.879540873905410E-04    7.995060672877120E-04    9.895409403470391E-04    1.229807881867180E-03    1.731070416216900E-03    2.860436764957260E-03    4.612595685431200E-03    1.050971993753240E-02    1.476671264302000E-02    1.889111471783590E-02    2.794929371889830E-02    4.998236134175570E-02    1.260076277375390E-01    2.589821240558570E-01    0.000000000000000E+00    0.000000000000000E+00    0.000000000000000E+00    0.000000000000000E+00    0.000000000000000E+00    0.000000000000000E+00    0.000000000000000E+00    0.000000000000000E+00    0.000000000000000E+00    0.000000000000000E+00    0.000000000000000E+00    0.000000000000000E+00    0.000000000000000E+00    0.000000000000000E+00    0.000000000000000E+00    0.000000000000000E+00
3.914090627904590E-04    4.521824030011100E-04    5.602439764451530E-04    6.990086935370040E-04    9.896543518261309E-04    1.681957409870500E-03    2.817086843283330E-03    6.331428279668520E-03    9.628376861546370E-03    1.143657911348650E-02    1.687501613333500E-02    3.024041450417040E-02    6.384119029529610E-02    1.781951002082180E-01    2.156647171489090E-01    0.000000000000000E+00    0.000000000000000E+00    0.000000000000000E+00    0.000000000000000E+00    0.000000000000000E+00    0.000000000000000E+00    0.000000000000000E+00    0.000000000000000E+00    0.000000000000000E+00    0.000000000000000E+00    0.000000000000000E+00    0.000000000000000E+00    0.000000000000000E+00    0.000000000000000E+00    0.000000000000000E+00
3.556076399280840E-04    4.006354471078420E-04    5.236360986137901E-04    6.617835490340700E-04    9.011856657360500E-04    1.550983491585330E-03    2.722568464090040E-03    6.168279689695830E-03    8.906161258868469E-03    1.109328239213200E-02    1.635970852974090E-02    2.935945154648190E-02    6.245149834391970E-02    1.363235760377140E-01    3.153601720223080E-01    4.022060516008580E-01    0.000000000000000E+00    0.000000000000000E+00    0.000000000000000E+00    0.000000000000000E+00    0.000000000000000E+00    0.000000000000000E+00    0.000000000000000E+00    0.000000000000000E+00    0.000000000000000E+00    0.000000000000000E+00    0.000000000000000E+00    0.000000000000000E+00    0.000000000000000E+00    0.000000000000000E+00
1.143071690388460E-04    1.465138093825000E-04    1.821989939517260E-04    2.293487185695970E-04    3.409431726940910E-04    5.421309984151370E-04    1.001496556567220E-03    2.276958207168680E-03    3.248533066954830E-03    4.052667500108280E-03    5.982231525232760E-03    1.089860675547890E-02    2.297063701759070E-02    5.022524350771010E-02    1.048089491356500E-01    3.250418074072610E-01    5.034548412467510E-01    0.000000000000000E+00    0.000000000000000E+00    0.000000000000000E+00    0.000000000000000E+00    0.000000000000000E+00    0.000000000000000E+00    0.000000000000000E+00    0.000000000000000E+00    0.000000000000000E+00    0.000000000000000E+00    0.000000000000000E+00    0.000000000000000E+00    0.000000000000000E+00
4.030286357837510E-05    4.296769302774760E-05    6.436325248958730E-05    7.790790267798290E-05    1.269681867509960E-04    1.910662658208130E-04    3.711444489455020E-04    7.984502436281470E-04    1.184538466757160E-03    1.463989485043000E-03    2.181497306271940E-03    3.952992094502600E-03    8.425287318910500E-03    1.864967123419820E-02    3.837528909177890E-02    1.131203718982660E-01    4.272171262731640E-01    5.621473660844600E-01    0.000000000000000E+00    0.000000000000000E+00    0.000000000000000E+00    0.000000000000000E+00    0.000000000000000E+00    0.000000000000000E+00    0.000000000000000E+00    0.000000000000000E+00    0.000000000000000E+00    0.000000000000000E+00    0.000000000000000E+00    0.000000000000000E+00
1.319193025282620E-05    1.603358041028370E-05    2.219536976766640E-05    3.348692275136090E-05    4.133861414359200E-05    7.080587818821050E-05    1.334361834312100E-04    3.028050810844110E-04    4.321964676005860E-04    5.097396863642050E-04    8.403480557772800E-04    1.435792129094510E-03    3.063917356511100E-03    6.859071842839820E-03    1.425022229559440E-02    4.146285445514030E-02    1.508292641962980E-01    4.899918444967840E-01    5.970437700030770E-01    0.000000000000000E+00    0.000000000000000E+00    0.000000000000000E+00    0.000000000000000E+00    0.000000000000000E+00    0.000000000000000E+00    0.000000000000000E+00    0.000000000000000E+00    0.000000000000000E+00    0.000000000000000E+00    0.000000000000000E+00
4.886304922006350E-06    6.092635292368360E-06    1.078060817286650E-05    1.116092229312800E-05    1.791339946222320E-05    2.437524562053570E-05    5.066414085690960E-05    1.169883116449380E-04    1.040472977556970E-04    1.925332561499480E-04    2.914748144223870E-04    5.270126996786920E-04    1.154308535136790E-03    2.556106512628670E-03    5.300261295824420E-03    1.530488139961880E-02    5.565846619771960E-02    1.740094152687880E-01    5.220187464783040E-01    6.705315296823270E-01    0.000000000000000E+00    0.000000000000000E+00    0.000000000000000E+00    0.000000000000000E+00    0.000000000000000E+00    0.000000000000000E+00    0.000000000000000E+00    0.000000000000000E+00    0.000000000000000E+00    0.000000000000000E+00
9.761679478103041E-07    2.244655107714660E-06    3.804920531599950E-06    3.952826645482830E-06    7.874021741636580E-06    1.183903566199030E-05    1.929375279193000E-05    3.953121336887280E-05    8.003638288899730E-05    7.417264786104540E-05    1.028376693891100E-04    2.115194043138120E-04    4.354141110251040E-04    9.404016318295440E-04    1.935289937576780E-03    5.731081424454740E-03    2.043443127433520E-02    6.415862688387440E-02    1.848941903606520E-01    5.345127442244260E-01    6.040184331796200E-01    0.000000000000000E+00    0.000000000000000E+00    0.000000000000000E+00    0.000000000000000E+00    0.000000000000000E+00    0.000000000000000E+00    0.000000000000000E+00    0.000000000000000E+00    0.000000000000000E+00
9.772609844012701E-07    9.619950461634260E-07    1.902460265799980E-06    1.395115286641000E-06    3.149608696654630E-06    5.107034991446800E-06    6.627625004861450E-06    1.685594884764120E-05    1.600727657779950E-05    3.314097032089260E-05    4.381249820127750E-05    7.341667879560100E-05    1.514483864435140E-04    3.118394135221120E-04    7.247630617764151E-04    2.119640404290730E-03    7.423713736289170E-03    2.360486522124840E-02    6.785242514372029E-02    1.898319224630970E-01    5.372043598324761E-01    6.055956637898570E-01    0.000000000000000E+00    0.000000000000000E+00    0.000000000000000E+00    0.000000000000000E+00    0.000000000000000E+00    0.000000000000000E+00    0.000000000000000E+00    0.000000000000000E+00
0.000000000000000E+00    9.619950461634260E-07    3.170767109666630E-07    6.975576433205000E-07    5.905516306227430E-07    1.624965679096710E-06    1.472805556635880E-06    4.414653269620310E-06    0.000000000000000E+00    1.578141443852030E-05    1.582117990601690E-05    3.135090608028370E-05    5.388067594625030E-05    1.283634274900860E-04    2.519414452841820E-04    7.664852190322950E-04    2.779862965721020E-03    8.919489380435110E-03    2.527879758649330E-02    6.978611431431690E-02    1.907819765832630E-01    5.385411691800860E-01    6.059216430198940E-01    0.000000000000000E+00    0.000000000000000E+00    0.000000000000000E+00    0.000000000000000E+00    0.000000000000000E+00    0.000000000000000E+00    0.000000000000000E+00
4.886304922006350E-07    9.619950461634260E-07    0.000000000000000E+00    0.000000000000000E+00    5.905516306227430E-07    2.321379541566730E-07    1.325525000972290E-06    1.404662403970100E-06    8.003638288899729E-06    4.208377183605410E-06    5.476562275159680E-06    7.936938248173070E-06    2.232892877051810E-05    3.488136616578430E-05    8.714413004692610E-05    2.694201599284130E-04    1.029119652787000E-03    3.211566338213720E-03    9.059042915415091E-03    2.553420724611700E-02    7.008688081120799E-02    1.916048947090950E-01    5.396382436021580E-01    6.068214175279359E-01    6.474473106656720E-06    0.000000000000000E+00    0.000000000000000E+00    0.000000000000000E+00    0.000000000000000E+00    0.000000000000000E+00
0.000000000000000E+00    0.000000000000000E+00    0.000000000000000E+00    0.000000000000000E+00    0.000000000000000E+00    2.321379541566730E-07    4.418416669907630E-07    6.019981731300430E-07    0.000000000000000E+00    1.052094295901350E-06    1.825520758386560E-06    1.984234562043270E-06    9.708229900225280E-06    1.674305575957650E-05    4.486628477663520E-05    1.168496423959190E-04    3.496527013083530E-04    1.110146822325330E-03    3.293023440386100E-03    9.226589319231770E-03    2.580546769280560E-02    7.004671457069769E-02    1.917235532549570E-01    5.396210229172260E-01    6.087183147514820E-01    1.719826114507600E-05    0.000000000000000E+00    0.000000000000000E+00    0.000000000000000E+00    0.000000000000000E+00
0.000000000000000E+00    0.000000000000000E+00    0.000000000000000E+00    0.000000000000000E+00    0.000000000000000E+00    0.000000000000000E+00    1.472805556635880E-07    4.013321154200280E-07    0.000000000000000E+00    5.260471479506760E-07    0.000000000000000E+00    1.587387649634620E-06    4.854114950112640E-06    5.581018586525490E-06    1.725626337562890E-05    4.298613787621880E-05    1.578810069737480E-04    4.204803893409220E-04    1.270934863756860E-03    3.665992301184590E-03    9.495619352062430E-03    2.583251601047440E-02    7.035461714145159E-02    1.915460750788120E-01    5.394468865730200E-01    6.137335246303670E-01    1.426396993626020E-04    0.000000000000000E+00    0.000000000000000E+00    0.000000000000000E+00
0.000000000000000E+00    0.000000000000000E+00    0.000000000000000E+00    0.000000000000000E+00    0.000000000000000E+00    0.000000000000000E+00    0.000000000000000E+00    0.000000000000000E+00    0.000000000000000E+00    5.260471479506760E-07    6.085069194621870E-07    3.968469124086540E-07    1.456234485033790E-06    2.092881969947060E-06    8.628131687814460E-07    1.392508691764830E-05    5.124933210666170E-05    1.463821916163490E-04    4.756589413891030E-04    1.283040783794180E-03    3.406531583391830E-03    9.652843349665799E-03    2.576352385168690E-02    7.036449387697150E-02    1.917497784123830E-01    5.381023356354701E-01    6.228456022626940E-01    1.018537170337380E-03    0.000000000000000E+00    0.000000000000000E+00
0.000000000000000E+00    0.000000000000000E+00    0.000000000000000E+00    0.000000000000000E+00    0.000000000000000E+00    0.000000000000000E+00    0.000000000000000E+00    0.000000000000000E+00    0.000000000000000E+00    0.000000000000000E+00    0.000000000000000E+00    0.000000000000000E+00    4.854114950112640E-07    6.976273233156860E-07    8.628131687814460E-07    4.238069931458190E-06    1.322563409204170E-05    4.519181754598690E-05    1.549658089593460E-04    4.544338282689500E-04    1.208957307315990E-03    3.547215930086040E-03    9.605902774529520E-03    2.597642147111730E-02    7.059894964960620E-02    1.925077439944140E-01    5.410097735309850E-01    6.551812207099690E-01    4.759278127386470E-03    6.505944946027650E-07
0.000000000000000E+00    0.000000000000000E+00    0.000000000000000E+00    0.000000000000000E+00    0.000000000000000E+00    0.000000000000000E+00    0.000000000000000E+00    0.000000000000000E+00    0.000000000000000E+00    0.000000000000000E+00    0.000000000000000E+00    0.000000000000000E+00    0.000000000000000E+00    0.000000000000000E+00    1.725626337562890E-06    3.027192808184420E-06    4.133010653763040E-06    2.456077040542770E-05    5.703602690864810E-05    1.797387529720480E-04    4.884793748943100E-04    1.256405642354560E-03    3.555415552572660E-03    9.754107099430811E-03    2.610119088217590E-02    7.059680462637991E-02    1.928771072987910E-01    5.404873287869500E-01    6.405924587401800E-01    2.040210623148850E-02
0.000000000000000E+00    0.000000000000000E+00    0.000000000000000E+00    0.000000000000000E+00    0.000000000000000E+00    0.000000000000000E+00    0.000000000000000E+00    0.000000000000000E+00    0.000000000000000E+00    0.000000000000000E+00    0.000000000000000E+00    0.000000000000000E+00    0.000000000000000E+00    0.000000000000000E+00    0.000000000000000E+00    1.210877123273770E-06    2.479806392257820E-06    9.824308162171070E-06    3.551299788651680E-05    1.153041056801820E-04    2.494858859842060E-04    6.624029747657290E-04    1.841131365118160E-03    5.194778965530310E-03    1.366890762277370E-02    3.762350221451970E-02    1.016642613736600E-01    2.780331086627420E-01    8.818388303596020E-01    1.971853298820740E+00
        

7.598706806725833E-03    0.000000000000000E+00    0.000000000000000E+00    0.000000000000000E+00    0.000000000000000E+00    0.000000000000000E+00    0.000000000000000E+00    0.000000000000000E+00    0.000000000000000E+00    0.000000000000000E+00    0.000000000000000E+00    0.000000000000000E+00    0.000000000000000E+00    0.000000000000000E+00    0.000000000000000E+00    0.000000000000000E+00    0.000000000000000E+00    0.000000000000000E+00    0.000000000000000E+00    0.000000000000000E+00    0.000000000000000E+00    0.000000000000000E+00    0.000000000000000E+00    0.000000000000000E+00    0.000000000000000E+00    0.000000000000000E+00    0.000000000000000E+00    0.000000000000000E+00    0.000000000000000E+00    0.000000000000000E+00
1.996823031651310E-03    7.161282459782200E-03    0.000000000000000E+00    0.000000000000000E+00    0.000000000000000E+00    0.000000000000000E+00    0.000000000000000E+00    0.000000000000000E+00    0.000000000000000E+00    0.000000000000000E+00    0.000000000000000E+00    0.000000000000000E+00    0.000000000000000E+00    0.000000000000000E+00    0.000000000000000E+00    0.000000000000000E+00    0.000000000000000E+00    0.000000000000000E+00    0.000000000000000E+00    0.000000000000000E+00    0.000000000000000E+00    0.000000000000000E+00    0.000000000000000E+00    0.000000000000000E+00    0.000000000000000E+00    0.000000000000000E+00    0.000000000000000E+00    0.000000000000000E+00    0.000000000000000E+00    0.000000000000000E+00
8.517264229178733E-04    2.364335291551577E-03    6.659334246672300E-03    0.000000000000000E+00    0.000000000000000E+00    0.000000000000000E+00    0.000000000000000E+00    0.000000000000000E+00    0.000000000000000E+00    0.000000000000000E+00    0.000000000000000E+00    0.000000000000000E+00    0.000000000000000E+00    0.000000000000000E+00    0.000000000000000E+00    0.000000000000000E+00    0.000000000000000E+00    0.000000000000000E+00    0.000000000000000E+00    0.000000000000000E+00    0.000000000000000E+00    0.000000000000000E+00    0.000000000000000E+00    0.000000000000000E+00    0.000000000000000E+00    0.000000000000000E+00    0.000000000000000E+00    0.000000000000000E+00    0.000000000000000E+00    0.000000000000000E+00
1.423667398478620E-03    1.311545102585487E-03    2.698944953041937E-03    6.539631968583867E-03    0.000000000000000E+00    0.000000000000000E+00    0.000000000000000E+00    0.000000000000000E+00    0.000000000000000E+00    0.000000000000000E+00    0.000000000000000E+00    0.000000000000000E+00    0.000000000000000E+00    0.000000000000000E+00    0.000000000000000E+00    0.000000000000000E+00    0.000000000000000E+00    0.000000000000000E+00    0.000000000000000E+00    0.000000000000000E+00    0.000000000000000E+00    0.000000000000000E+00    0.000000000000000E+00    0.000000000000000E+00    0.000000000000000E+00    0.000000000000000E+00    0.000000000000000E+00    0.000000000000000E+00    0.000000000000000E+00    0.000000000000000E+00
1.723261536336856E-03    2.037360770872270E-03    2.070330100692577E-03    2.358215959492563E-03    5.754925149909134E-03    0.000000000000000E+00    0.000000000000000E+00    0.000000000000000E+00    0.000000000000000E+00    0.000000000000000E+00    0.000000000000000E+00    0.000000000000000E+00    0.000000000000000E+00    0.000000000000000E+00    0.000000000000000E+00    0.000000000000000E+00    0.000000000000000E+00    0.000000000000000E+00    0.000000000000000E+00    0.000000000000000E+00    0.000000000000000E+00    0.000000000000000E+00    0.000000000000000E+00    0.000000000000000E+00    0.000000000000000E+00    0.000000000000000E+00    0.000000000000000E+00    0.000000000000000E+00    0.000000000000000E+00    0.000000000000000E+00
8.878680442935333E-04    1.536459322869413E-03    1.944519745743123E-03    2.411946031208684E-03    3.206736287125893E-03    6.353596670932267E-03    0.000000000000000E+00    0.000000000000000E+00    0.000000000000000E+00    0.000000000000000E+00    0.000000000000000E+00    0.000000000000000E+00    0.000000000000000E+00    0.000000000000000E+00    0.000000000000000E+00    0.000000000000000E+00    0.000000000000000E+00    0.000000000000000E+00    0.000000000000000E+00    0.000000000000000E+00    0.000000000000000E+00    0.000000000000000E+00    0.000000000000000E+00    0.000000000000000E+00    0.000000000000000E+00    0.000000000000000E+00    0.000000000000000E+00    0.000000000000000E+00    0.000000000000000E+00    0.000000000000000E+00
1.487447707297957E-03    1.528548075219210E-03    1.953674691995687E-03    3.147973617652327E-03    4.555084895825733E-03    6.806749505808033E-03    1.311566551308290E-02    0.000000000000000E+00    0.000000000000000E+00    0.000000000000000E+00    0.000000000000000E+00    0.000000000000000E+00    0.000000000000000E+00    0.000000000000000E+00    0.000000000000000E+00    0.000000000000000E+00    0.000000000000000E+00    0.000000000000000E+00    0.000000000000000E+00    0.000000000000000E+00    0.000000000000000E+00    0.000000000000000E+00    0.000000000000000E+00    0.000000000000000E+00    0.000000000000000E+00    0.000000000000000E+00    0.000000000000000E+00    0.000000000000000E+00    0.000000000000000E+00    0.000000000000000E+00
6.230182885374633E-04    9.217667075164967E-04    1.027404055651507E-03    1.162014178243093E-03    2.316976518888103E-03    3.779051504147000E-03    7.883169865001734E-03    1.379625081205017E-02    0.000000000000000E+00    0.000000000000000E+00    0.000000000000000E+00    0.000000000000000E+00    0.000000000000000E+00    0.000000000000000E+00    0.000000000000000E+00    0.000000000000000E+00    0.000000000000000E+00    0.000000000000000E+00    0.000000000000000E+00    0.000000000000000E+00    0.000000000000000E+00    0.000000000000000E+00    0.000000000000000E+00    0.000000000000000E+00    0.000000000000000E+00    0.000000000000000E+00    0.000000000000000E+00    0.000000000000000E+00    0.000000000000000E+00    0.000000000000000E+00
1.227665186621910E-05    1.812726022244510E-05    2.010891205684653E-05    2.148382558999127E-05    4.540880612924399E-05    7.857825218042833E-05    1.748714564342500E-04    5.150509992943166E-04    1.258035081717630E-03    0.000000000000000E+00    0.000000000000000E+00    0.000000000000000E+00    0.000000000000000E+00    0.000000000000000E+00    0.000000000000000E+00    0.000000000000000E+00    0.000000000000000E+00    0.000000000000000E+00    0.000000000000000E+00    0.000000000000000E+00    0.000000000000000E+00    0.000000000000000E+00    0.000000000000000E+00    0.000000000000000E+00    0.000000000000000E+00    0.000000000000000E+00    0.000000000000000E+00    0.000000000000000E+00    0.000000000000000E+00    0.000000000000000E+00
1.774835175180840E-04    2.151475451008073E-04    2.968113124560006E-04    3.477396948535667E-04    6.883743494158000E-04    1.077310515678673E-03    2.482846949317243E-03    6.299583643318199E-03    1.315145886342043E-02    1.257324449495710E-02    0.000000000000000E+00    0.000000000000000E+00    0.000000000000000E+00    0.000000000000000E+00    0.000000000000000E+00    0.000000000000000E+00    0.000000000000000E+00    0.000000000000000E+00    0.000000000000000E+00    0.000000000000000E+00    0.000000000000000E+00    0.000000000000000E+00    0.000000000000000E+00    0.000000000000000E+00    0.000000000000000E+00    0.000000000000000E+00    0.000000000000000E+00    0.000000000000000E+00    0.000000000000000E+00    0.000000000000000E+00
1.212283158949170E-04    1.311212659760813E-04    2.269882022437590E-04    2.638406008289066E-04    3.850347284611800E-04    7.707266655863867E-04    1.708976378368583E-03    4.963567580165900E-03    7.618708056690467E-03    7.995981442895100E-03    1.462000683996193E-02    0.000000000000000E+00    0.000000000000000E+00    0.000000000000000E+00    0.000000000000000E+00    0.000000000000000E+00    0.000000000000000E+00    0.000000000000000E+00    0.000000000000000E+00    0.000000000000000E+00    0.000000000000000E+00    0.000000000000000E+00    0.000000000000000E+00    0.000000000000000E+00    0.000000000000000E+00    0.000000000000000E+00    0.000000000000000E+00    0.000000000000000E+00    0.000000000000000E+00    0.000000000000000E+00
1.401582247062077E-04    1.682641134542423E-04    2.347541498565960E-04    3.174936991349120E-04    3.724889703632367E-04    9.702112764872300E-04    1.997854728030593E-03    5.805159930753134E-03    9.383995813925633E-03    1.240652886809310E-02    1.837827049499170E-02    2.589915040458547E-02    0.000000000000000E+00    0.000000000000000E+00    0.000000000000000E+00    0.000000000000000E+00    0.000000000000000E+00    0.000000000000000E+00    0.000000000000000E+00    0.000000000000000E+00    0.000000000000000E+00    0.000000000000000E+00    0.000000000000000E+00    0.000000000000000E+00    0.000000000000000E+00    0.000000000000000E+00    0.000000000000000E+00    0.000000000000000E+00    0.000000000000000E+00    0.000000000000000E+00
5.346696865734200E-05    7.685409204340067E-05    9.872672681023133E-05    1.502250921375500E-04    2.268747096050203E-04    3.558174011403700E-04    9.389608472091900E-04    2.763283724696737E-03    4.541459082060900E-03    5.976301625472033E-03    9.948252782716467E-03    1.748880574998810E-02    3.170408486516393E-02    0.000000000000000E+00    0.000000000000000E+00    0.000000000000000E+00    0.000000000000000E+00    0.000000000000000E+00    0.000000000000000E+00    0.000000000000000E+00    0.000000000000000E+00    0.000000000000000E+00    0.000000000000000E+00    0.000000000000000E+00    0.000000000000000E+00    0.000000000000000E+00    0.000000000000000E+00    0.000000000000000E+00    0.000000000000000E+00    0.000000000000000E+00
2.429564431779770E-05    3.569554276272700E-05    4.443185082982700E-05    6.990470604308767E-05    9.758785986376267E-05    2.046613490490787E-04    4.419091195516800E-04    1.316368530426823E-03    2.076076387437957E-03    2.847696162982350E-03    4.774730013185200E-03    1.036925810589610E-02    2.747091679672930E-02    4.226229758447000E-02    0.000000000000000E+00    0.000000000000000E+00    0.000000000000000E+00    0.000000000000000E+00    0.000000000000000E+00    0.000000000000000E+00    0.000000000000000E+00    0.000000000000000E+00    0.000000000000000E+00    0.000000000000000E+00    0.000000000000000E+00    0.000000000000000E+00    0.000000000000000E+00    0.000000000000000E+00    0.000000000000000E+00    0.000000000000000E+00
1.135512113373230E-05    1.406449169128600E-05    2.131245448028247E-05    3.319629712404550E-05    4.880152892307500E-05    9.594601121559466E-05    2.129880773499027E-04    6.208948202959867E-04    1.054416104816173E-03    1.342979326081927E-03    2.246593358388020E-03    4.901671279855233E-03    1.317252845599490E-02    3.235586308117096E-02    4.011003032606800E-02    0.000000000000000E+00    0.000000000000000E+00    0.000000000000000E+00    0.000000000000000E+00    0.000000000000000E+00    0.000000000000000E+00    0.000000000000000E+00    0.000000000000000E+00    0.000000000000000E+00    0.000000000000000E+00    0.000000000000000E+00    0.000000000000000E+00    0.000000000000000E+00    0.000000000000000E+00    0.000000000000000E+00
9.297277640359167E-06    1.070861804186527E-05    1.578910172064750E-05    2.259218845364957E-05    3.465316613922967E-05    5.711434082557633E-05    1.494503192983763E-04    4.345439728942333E-04    6.985473874524100E-04    9.356230619012932E-04    1.559864899268493E-03    3.402519144154934E-03    9.222898763754634E-03    2.606859214380143E-02    6.588909790116333E-02    8.588614108137099E-02    0.000000000000000E+00    0.000000000000000E+00    0.000000000000000E+00    0.000000000000000E+00    0.000000000000000E+00    0.000000000000000E+00    0.000000000000000E+00    0.000000000000000E+00    0.000000000000000E+00    0.000000000000000E+00    0.000000000000000E+00    0.000000000000000E+00    0.000000000000000E+00    0.000000000000000E+00
1.904476199301410E-06    2.299688173014320E-06    4.628739127659700E-06    5.507177709327200E-06    8.768638697269067E-06    1.388173769107840E-05    3.415462002788600E-05    9.921793264680067E-05    1.532448017038553E-04    2.091422076385377E-04    3.488350303331867E-04    7.706028963362900E-04    2.064414785229886E-03    5.833903343016266E-03    1.550781795124303E-02    6.779297519062367E-02    1.145627367082927E-01    0.000000000000000E+00    0.000000000000000E+00    0.000000000000000E+00    0.000000000000000E+00    0.000000000000000E+00    0.000000000000000E+00    0.000000000000000E+00    0.000000000000000E+00    0.000000000000000E+00    0.000000000000000E+00    0.000000000000000E+00    0.000000000000000E+00    0.000000000000000E+00
1.700820040635687E-07    4.308987514410633E-07    1.078755749726447E-06    1.180134227944547E-06    2.176382707158487E-06    3.410298061929733E-06    8.227440740944400E-06    2.203840018070303E-05    3.602450202125534E-05    4.719914065155067E-05    7.924851526868466E-05    1.721395419471107E-04    4.638436102152900E-04    1.320068551921787E-03    3.456629769355100E-03    1.534283223966723E-02    9.023125312800601E-02    1.316259788668380E-01    0.000000000000000E+00    0.000000000000000E+00    0.000000000000000E+00    0.000000000000000E+00    0.000000000000000E+00    0.000000000000000E+00    0.000000000000000E+00    0.000000000000000E+00    0.000000000000000E+00    0.000000000000000E+00    0.000000000000000E+00    0.000000000000000E+00
1.440011957417523E-07    1.329954569186587E-07    3.069073358702507E-07    4.779815164655567E-07    5.867906691550967E-07    1.039205223847337E-06    2.139134581796797E-06    5.650865778189300E-06    8.928461978371766E-06    1.080735655554790E-05    1.961391440538214E-05    3.945869642093700E-05    1.048975030961700E-04    2.993627316747847E-04    7.869257289231034E-04    3.427029246600967E-03    2.048746517572637E-02    1.039449355270317E-01    1.401401513204183E-01    0.000000000000000E+00    0.000000000000000E+00    0.000000000000000E+00    0.000000000000000E+00    0.000000000000000E+00    0.000000000000000E+00    0.000000000000000E+00    0.000000000000000E+00    0.000000000000000E+00    0.000000000000000E+00    0.000000000000000E+00
7.490589012887333E-08    9.840826965618167E-08    1.630339242982453E-07    1.603872061259367E-07    2.527239409872163E-07    2.991056969176717E-07    6.711790340841400E-07    1.698065028789157E-06    1.526848979458936E-06    2.995500254646000E-06    4.826536687971200E-06    9.853434215618800E-06    2.580627523384047E-05    7.055379411816067E-05    1.815769692759113E-04    7.745129034326866E-04    4.599008007248734E-03    2.362792853341803E-02    1.099676597988937E-01    1.426308064462816E-01    0.000000000000000E+00    0.000000000000000E+00    0.000000000000000E+00    0.000000000000000E+00    0.000000000000000E+00    0.000000000000000E+00    0.000000000000000E+00    0.000000000000000E+00    0.000000000000000E+00    0.000000000000000E+00
-5.828777143451133E-08    4.635221716401500E-08    8.069633879757101E-08    7.510758385374933E-08    1.430801992773713E-07    1.959578366618503E-07    2.922076674605123E-07    5.537388742341733E-07    1.107459189583533E-06    1.016779854249773E-06    1.441252249338640E-06    3.052059064773540E-06    6.942479663839534E-06    1.759435634362647E-05    4.333371800921433E-05    1.818136588159563E-04    1.035672723646120E-03    5.314665979890567E-03    2.511966251636490E-02    1.139156759920387E-01    1.437394823970900E-01    0.000000000000000E+00    0.000000000000000E+00    0.000000000000000E+00    0.000000000000000E+00    0.000000000000000E+00    0.000000000000000E+00    0.000000000000000E+00    0.000000000000000E+00    0.000000000000000E+00
3.322170291600667E-08    2.829449340363330E-08    5.991808314947767E-08    4.219462291112734E-08    8.080730630463900E-08    1.206531911373457E-07    1.387303142606953E-07    2.879044465630533E-07    2.498079604874633E-07    5.031148777980200E-07    6.497223754583767E-07    1.039080618582273E-06    2.078030965613413E-06    4.591743072413134E-06    1.166662278117313E-05    4.436499792313400E-05    2.364917556341370E-04    1.200178406626097E-03    5.616653254060567E-03    2.583549503058064E-02    1.143494777485963E-01    1.441877717472510E-01    0.000000000000000E+00    0.000000000000000E+00    0.000000000000000E+00    0.000000000000000E+00    0.000000000000000E+00    0.000000000000000E+00    0.000000000000000E+00    0.000000000000000E+00
0.000000000000000E+00    5.042364421434600E-08    1.401123199022963E-08    3.032546696843590E-08    2.146894857300610E-08    5.216878816421233E-08    4.517252412198500E-08    1.106413293021860E-07    0.000000000000000E+00    3.305420430942227E-07    2.996144844529087E-07    5.500337927070634E-07    8.219709759734701E-07    1.762440879246767E-06    3.415912980764700E-06    1.185067246119037E-05    5.827885918218366E-05    2.836015428823177E-04    1.286058004746473E-03    5.776210375498533E-03    2.590276956267127E-02    1.145624074644857E-01    1.444322465214220E-01    0.000000000000000E+00    0.000000000000000E+00    0.000000000000000E+00    0.000000000000000E+00    0.000000000000000E+00    0.000000000000000E+00    0.000000000000000E+00
4.193004845678700E-08    6.874969893419201E-08    0.000000000000000E+00    0.000000000000000E+00    3.405124713833166E-08    1.132131313613777E-08    6.643843242352867E-08    5.039292385752400E-08    3.249420605068260E-07    1.412617571248413E-07    1.401742459747873E-07    1.946972447376190E-07    4.398561285169234E-07    5.733882196371633E-07    1.359573932639237E-06    3.847326965522767E-06    1.587155096831780E-05    6.724170750353800E-05    2.895985077958830E-04    1.296458466353740E-03    5.791730313905400E-03    2.599797416933973E-02    1.147602328197153E-01    1.446901459417173E-01    2.152468633422850E-06    0.000000000000000E+00    0.000000000000000E+00    0.000000000000000E+00    0.000000000000000E+00    0.000000000000000E+00
0.000000000000000E+00    0.000000000000000E+00    0.000000000000000E+00    0.000000000000000E+00    0.000000000000000E+00    2.493572425426043E-08    3.518795943346934E-08    3.931558455962367E-08    0.000000000000000E+00    5.596196775260967E-08    7.687286396341633E-08    6.608851247154567E-08    2.696942893108900E-07    3.950058184230567E-07    8.564464080996067E-07    1.866905895557623E-06    4.852740803299734E-06    1.660280496969120E-05    6.950513268568367E-05    2.921728798289240E-04    1.307090689527443E-03    5.786602765301601E-03    2.600637990008446E-02    1.146536383875577E-01    1.446577397600827E-01    5.537257487724067E-06    0.000000000000000E+00    0.000000000000000E+00    0.000000000000000E+00    0.000000000000000E+00
0.000000000000000E+00    0.000000000000000E+00    0.000000000000000E+00    0.000000000000000E+00    0.000000000000000E+00    0.000000000000000E+00    1.575559285535540E-08    3.900850071218066E-08    0.000000000000000E+00    3.952944228700600E-08    0.000000000000000E+00    1.095110384232223E-07    2.449312233131703E-07    3.113504288020953E-07    4.680334673793634E-07    1.030119609235170E-06    2.852854939064680E-06    5.191058234794100E-06    2.010954500183190E-05    7.646903683277033E-05    2.994905914181987E-04    1.307966671477920E-03    5.793515830884566E-03    2.588940137847967E-02    1.144303548492870E-01    1.460653653951190E-01    4.153377873949400E-05    0.000000000000000E+00    0.000000000000000E+00    0.000000000000000E+00
0.000000000000000E+00    0.000000000000000E+00    0.000000000000000E+00    0.000000000000000E+00    0.000000000000000E+00    0.000000000000000E+00    0.000000000000000E+00    0.000000000000000E+00    0.000000000000000E+00    8.815986524771335E-08    9.771695448795234E-08    2.787223905771286E-08    1.206030528409873E-07    1.652576327412563E-07    7.331233615229800E-08    4.966129240414500E-07    1.174301346096147E-06    2.648216297649087E-06    7.557958549226833E-06    1.867016931219733E-05    6.891860325642400E-05    3.066844119254260E-04    1.297457909821707E-03    5.747540967689166E-03    2.573302378271610E-02    1.132519240927013E-01    1.475509328768363E-01    2.598434514700877E-04    0.000000000000000E+00    0.000000000000000E+00
0.000000000000000E+00    0.000000000000000E+00    0.000000000000000E+00    0.000000000000000E+00    0.000000000000000E+00    0.000000000000000E+00    0.000000000000000E+00    0.000000000000000E+00    0.000000000000000E+00    0.000000000000000E+00    0.000000000000000E+00    0.000000000000000E+00    2.743284870648854E-08    1.113124709866047E-07    1.045098444491850E-07    3.117758864724754E-07    4.788664794262934E-07    8.219518929810233E-07    2.950451645547643E-06    5.693858990152700E-06    1.575460618122217E-05    7.076999857129267E-05    3.014160603113673E-04    1.267091071223533E-03    5.636359308439066E-03    2.530275810841977E-02    1.114657649928193E-01    1.535437143524057E-01    1.109042898139417E-03    9.404558955719867E-08
0.000000000000000E+00    0.000000000000000E+00    0.000000000000000E+00    0.000000000000000E+00    0.000000000000000E+00    0.000000000000000E+00    0.000000000000000E+00    0.000000000000000E+00    0.000000000000000E+00    0.000000000000000E+00    0.000000000000000E+00    0.000000000000000E+00    0.000000000000000E+00    0.000000000000000E+00    1.853823269888956E-07    2.504077159108696E-07    9.038525896203633E-08    1.109364384372190E-06    2.110597411306013E-07    3.359070559988700E-06    7.982264146430666E-06    1.556238292526683E-05    6.560394297895733E-05    2.825441688411347E-04    1.202934775404873E-03    5.334114223278601E-03    2.377121837871837E-02    1.045936484077893E-01    1.434999971733253E-01    3.083201162198670E-03
0.000000000000000E+00    0.000000000000000E+00    0.000000000000000E+00    0.000000000000000E+00    0.000000000000000E+00    0.000000000000000E+00    0.000000000000000E+00    0.000000000000000E+00    0.000000000000000E+00    0.000000000000000E+00    0.000000000000000E+00    0.000000000000000E+00    0.000000000000000E+00    0.000000000000000E+00    0.000000000000000E+00   -7.947415653514100E-08   -1.294454985182553E-07    7.765016193762500E-07    2.168168233900320E-06    1.700844821225213E-06    3.694537895542533E-06    6.239499462132867E-06    1.911395963036580E-05    6.942954403511400E-05    2.778506048002414E-04    1.151338311504160E-03    5.139425357770933E-03    2.311195089816173E-02    1.220632836083230E-01    2.338263141128980E-01
         
1

1

1
0
0
0
0
0
0
0
0
0
0
0
0
0
0
0
0
0
0
0
0
0
0
0
0
0
0
0
0
0
