8
8

7
12

1
1
0
0

12 12 12 12 12 12 12 12 
11 11 11 12 12 12 12 12
1  1  11 12 12 12 12 12
1  1  11 11 11 12 12 12
3  2  1  1  11 12 12 12
3  2  1  1  11 11 11 12
2  3  2  2  1  1  11 12
4  2  3  3  1  1  11 12

7 7 1 7 1 7 1 7
7 7 1 7 1 7 1 7
7 7 1 7 1 7 1 7
7 7 1 7 1 7 1 7
7 7 1 7 1 7 1 7
7 7 1 7 1 7 1 7
7 7 1 7 1 7 1 7
7 7 1 7 1 7 1 7

7 7 7 7 7 7 7 7
1 1 1 1 1 1 1 1
7 7 7 7 7 7 7 7 
1 1 1 1 1 1 1 1
7 7 7 7 7 7 7 7
1 1 1 1 1 1 1 1
7 7 7 7 7 7 7 7
7 7 7 7 7 7 7 7 
 

1.94592E-01  4.83801E-01  8.23727E-01  7.99115E-01  9.88049E-01  1.26566E+00  1.89358E+00

1.94590E-01  4.83666E-01  8.26860E-01  8.04683E-01  1.00934E+00  1.30449E+00  1.97693E+00
                                   
1.9456E-01   4.8375E-01   8.3058E-01   8.8006E-01   1.2506E+00   1.4284E+00   2.1013E+00
                                                                      
1.94544E-01  4.83700E-01  8.36486E-01  9.09095E-01  1.35950E+00  1.54134E+00  2.25831E+00
                                   
1.9453E-01   4.8367E-01   8.3986E-01   9.2464E-01   1.4149E+00   1.6039E+00   2.3411E+00
                                                                      
1.92503E-01  4.82398E-01  8.42291E-01  8.66208E-01  1.49815E+00  2.38184E+00  3.21804E+00
                   
1.92247E-01  4.82479E-01  8.41816E-01  8.67880E-01  1.42193E+00  2.37893E+00  3.21275E+00
                       
1.9223E-01   4.8252E-01   8.4199E-01   8.6430E-01   1.5008E+00   2.3811E+00   3.2122E+00
                                                  
1.68524E-01  5.39957E-01  1.01430E+00  1.05661E+00  1.31331E+00  1.71114E+00  2.56640E+00
                               
1.81321E-01  4.54939E-01  8.96747E-01  1.42236E+00  1.67788E+00  1.98233E+00  2.60902E+00

2.82023E-01  4.01668E-01  9.91373E-01  8.95209E-01  9.45086E-01  1.00187E+00  1.11869E+00                      

1.65695E-01  5.71176E-01  1.08690E+00  1.13898E+00  1.47250E+00  1.86496E+00  2.80687E+00
                       

                                       
1.22440E-01  6.71560E-02  2.87600E-04  0.00000E+00  0.00000E+00  0.00000E+00  0.00000E+00
0.00000E+00  4.30200E-01  5.16650E-02  0.00000E+00  0.00000E+00  0.00000E+00  0.00000E+00
0.00000E+00  0.00000E+00  7.42010E-01  4.88570E-02  6.86590E-03  1.24250E-03  7.67110E-04
0.00000E+00  0.00000E+00  0.00000E+00  5.46490E-01  1.98990E-01  2.73040E-02  1.22090E-02
0.00000E+00  0.00000E+00  0.00000E+00  4.52420E-03  6.66230E-01  2.09220E-01  6.46480E-02
0.00000E+00  0.00000E+00  0.00000E+00  0.00000E+00  1.40400E-01  8.03010E-01  2.52000E-01
0.00000E+00  0.00000E+00  0.00000E+00  0.00000E+00  5.80830E-02  4.04000E-01  1.29900E+00
                                   
1.22390E-01  6.71300E-02  2.87600E-04  0.00000E+00  0.00000E+00  0.00000E+00  0.00000E+00
0.00000E+00  4.29920E-01  5.16560E-02  0.00000E+00  0.00000E+00  0.00000E+00  0.00000E+00
0.00000E+00  0.00000E+00  7.42420E-01  4.88670E-02  6.87150E-03  1.24350E-03  7.67730E-04
0.00000E+00  0.00000E+00  0.00000E+00  5.47270E-01  1.99170E-01  2.73430E-02  1.22260E-02
0.00000E+00  0.00000E+00  0.00000E+00  4.71850E-03  6.69500E-01  2.09420E-01  6.50280E-02
0.00000E+00  0.00000E+00  0.00000E+00  0.00000E+00  1.41910E-01  8.09340E-01  2.54450E-01
0.00000E+00  0.00000E+00  0.00000E+00  0.00000E+00  5.94200E-02  4.12290E-01  1.32220E+00

1.2243E-01  6.6798E-02  2.8760E-04  0.0000E+00  0.0000E+00  0.0000E+00  0.0000E+00
0.0000E+00  4.2992E-01  5.1670E-02  0.0000E+00  0.0000E+00  0.0000E+00  0.0000E+00
0.0000E+00  0.0000E+00  7.4384E-01  4.8864E-02  6.8762E-03  1.2444E-03  7.6826E-04
0.0000E+00  0.0000E+00  0.0000E+00  5.5655E-01  2.0210E-01  2.7888E-02  1.2470E-02
0.0000E+00  0.0000E+00  0.0000E+00  5.6439E-03  6.9483E-01  2.2239E-01  7.0212E-02
0.0000E+00  0.0000E+00  0.0000E+00  0.0000E+00  1.4599E-01  8.2779E-01  2.6358E-01
0.0000E+00  0.0000E+00  0.0000E+00  0.0000E+00  6.1529E-02  4.2474E-01  1.3572E+00

1.22330E-01  6.66190E-02  2.87600E-04  0.00000E+00  0.00000E+00  0.00000E+00  0.00000E+00
0.00000E+00  4.29580E-01  5.16700E-02  0.00000E+00  0.00000E+00  0.00000E+00  0.00000E+00
0.00000E+00  0.00000E+00  7.45130E-01  4.88820E-02  6.88580E-03  1.24610E-03  7.69330E-04
0.00000E+00  0.00000E+00  0.00000E+00  5.60710E-01  2.03260E-01  2.81140E-02  1.25710E-02
0.00000E+00  0.00000E+00  0.00000E+00  5.85250E-03  7.08780E-01  2.29520E-01  7.29440E-02
0.00000E+00  0.00000E+00  0.00000E+00  0.00000E+00  1.50160E-01  8.46690E-01  2.72110E-01
0.00000E+00  0.00000E+00  0.00000E+00  0.00000E+00  6.42620E-02  4.41210E-01  1.40400E+00

1.2226E-01  6.6506E-02  2.8760E-04  0.0000E+00  0.0000E+00  0.0000E+00  0.0000E+00
0.0000E+00  4.2937E-01  5.1670E-02  0.0000E+00  0.0000E+00  0.0000E+00  0.0000E+00
0.0000E+00  0.0000E+00  7.4587E-01  4.8893E-02  6.8913E-03  1.2471E-03  7.6995E-04
0.0000E+00  0.0000E+00  0.0000E+00  5.6304E-01  2.0392E-01  2.8238E-02  1.2627E-02
0.0000E+00  0.0000E+00  0.0000E+00  5.9079E-03  7.1629E-01  2.3359E-01  7.4441E-02
0.0000E+00  0.0000E+00  0.0000E+00  0.0000E+00  1.5257E-01  8.5768E-01  2.7709E-01
0.0000E+00  0.0000E+00  0.0000E+00  0.0000E+00  6.5764E-02  4.5022E-01  1.4299E+00

1.20730E-01  6.74140E-02  2.93270E-04  0.00000E+00  0.00000E+00  0.00000E+00  0.00000E+00
0.00000E+00  4.28410E-01  5.20270E-02  0.00000E+00  0.00000E+00  0.00000E+00  0.00000E+00
0.00000E+00  0.00000E+00  7.45760E-01  4.91280E-02  6.90590E-03  1.24970E-03  7.71570E-04
0.00000E+00  0.00000E+00  0.00000E+00  5.46670E-01  2.03450E-01  2.79680E-02  1.25060E-02
0.00000E+00  0.00000E+00  0.00000E+00  5.50700E-03  7.31200E-01  2.38850E-01  7.66880E-02
0.00000E+00  0.00000E+00  0.00000E+00  0.00000E+00  1.91200E-01  1.04260E+00  3.57870E-01
0.00000E+00  0.00000E+00  0.00000E+00  0.00000E+00  8.53550E-02  5.67000E-01  1.77440E+00

1.20500E-01  6.74070E-02  2.94920E-04  0.00000E+00  0.00000E+00  0.00000E+00  0.00000E+00
0.00000E+00  4.28430E-01  5.20940E-02  0.00000E+00  0.00000E+00  0.00000E+00  0.00000E+00
0.00000E+00  0.00000E+00  7.45890E-01  4.90230E-02  6.89770E-03  1.24830E-03  7.70660E-04
0.00000E+00  0.00000E+00  0.00000E+00  5.46310E-01  2.01870E-01  2.78300E-02  1.24440E-02
0.00000E+00  0.00000E+00  0.00000E+00  5.95060E-03  7.19770E-01  2.30970E-01  7.43320E-02
0.00000E+00  0.00000E+00  0.00000E+00  0.00000E+00  1.91190E-01  1.04250E+00  3.57780E-01
0.00000E+00  0.00000E+00  0.00000E+00  0.00000E+00  8.53650E-02  5.67050E-01  1.77460E+00

1.2038E-01  6.7524E-02  2.9517E-04  0.0000E+00  0.0000E+00  0.0000E+00  0.0000E+00
0.0000E+00  4.2847E-01  5.2106E-02  0.0000E+00  0.0000E+00  0.0000E+00  0.0000E+00
0.0000E+00  0.0000E+00  7.4544E-01  4.9074E-02  6.8978E-03  1.2483E-03  7.7067E-04
0.0000E+00  0.0000E+00  0.0000E+00  5.4540E-01  2.0222E-01  2.7785E-02  1.2424E-02
0.0000E+00  0.0000E+00  0.0000E+00  5.5133E-03  7.3015E-01  2.3817E-01  7.6457E-02
0.0000E+00  0.0000E+00  0.0000E+00  0.0000E+00  1.9121E-01  1.0427E+00  3.5790E-01
0.0000E+00  0.0000E+00  0.0000E+00  0.0000E+00  8.5369E-02  5.6708E-01  1.7747E+00

8.95360E-02  7.80660E-02  4.71750E-04  0.00000E+00  0.00000E+00  0.00000E+00  0.00000E+00
0.00000E+00  4.56210E-01  8.36630E-02  0.00000E+00  0.00000E+00  0.00000E+00  0.00000E+00
0.00000E+00  0.00000E+00  9.20560E-01  7.81860E-02  1.11720E-02  2.02180E-03  1.24820E-03
0.00000E+00  0.00000E+00  0.00000E+00  6.70890E-01  3.16170E-01  4.45900E-02  1.99390E-02
0.00000E+00  0.00000E+00  0.00000E+00  5.12020E-03  8.70920E-01  3.20980E-01  1.04460E-01
0.00000E+00  0.00000E+00  0.00000E+00  0.00000E+00  2.03840E-01  1.10260E+00  3.84780E-01
0.00000E+00  0.00000E+00  0.00000E+00  0.00000E+00  8.94180E-02  5.92400E-01  1.84780E+00

1.23340E-01  5.56050E-02  2.33750E-04  0.00000E+00  0.00000E+00  0.00000E+00  0.00000E+00
0.00000E+00  4.04200E-01  4.34220E-02  0.00000E+00  0.00000E+00  0.00000E+00  0.00000E+00
0.00000E+00  0.00000E+00  6.65070E-01  4.16510E-02  5.84530E-03  1.05780E-03  6.53080E-04
0.00000E+00  0.00000E+00  0.00000E+00  5.45050E-01  2.12120E-01  2.94050E-02  1.31490E-02
0.00000E+00  0.00000E+00  0.00000E+00  4.32070E-03  6.88420E-01  2.28640E-01  7.26480E-02
0.00000E+00  0.00000E+00  0.00000E+00  0.00000E+00  1.49980E-01  8.55280E-01  2.79040E-01
0.00000E+00  0.00000E+00  0.00000E+00  0.00000E+00  6.47710E-02  4.38250E-01  1.41010E+00

2.28960E-01  5.14210E-02  0.00000E+00  0.00000E+00  0.00000E+00  0.00000E+00  0.00000E+00
0.00000E+00  3.98020E-01  2.97260E-03  0.00000E+00  0.00000E+00  0.00000E+00  0.00000E+00
0.00000E+00  0.00000E+00  9.80560E-01  3.18820E-03  0.00000E+00  0.00000E+00  0.00000E+00
0.00000E+00  0.00000E+00  0.00000E+00  8.38820E-01  2.23830E-02  0.00000E+00  0.00000E+00
0.00000E+00  0.00000E+00  0.00000E+00  6.03270E-03  7.96680E-01  6.05620E-02  0.00000E+00
0.00000E+00  0.00000E+00  0.00000E+00  0.00000E+00  5.49400E-02  7.48690E-01  6.32510E-02
0.00000E+00  0.00000E+00  0.00000E+00  0.00000E+00  0.00000E+00  1.18120E-01  7.62750E-01

8.27160E-02  8.19630E-02  5.16420E-04  0.00000E+00  0.00000E+00  0.00000E+00  0.00000E+00
0.00000E+00  4.71430E-01  9.97300E-02  0.00000E+00  0.00000E+00  0.00000E+00  0.00000E+00
0.00000E+00  0.00000E+00  9.55520E-01  1.10140E-01  1.57510E-02  2.86830E-03  1.78620E-03
0.00000E+00  0.00000E+00  0.00000E+00  7.07140E-01  3.54090E-01  4.99580E-02  2.23260E-02
0.00000E+00  0.00000E+00  0.00000E+00  2.38610E-03  8.92030E-01  4.28450E-01  1.35810E-01
0.00000E+00  0.00000E+00  0.00000E+00  0.00000E+00  2.16730E-01  1.19390E+00  4.32690E-01
0.00000E+00  0.00000E+00  0.00000E+00  0.00000E+00  9.82370E-02  6.45450E-01  2.02330E+00













6.12040E-02  2.22700E-02  0.00000E+00  0.00000E+00  0.00000E+00  0.00000E+00  0.00000E+00
0.00000E+00  1.73210E-01  2.19530E-02  0.00000E+00  0.00000E+00  0.00000E+00  0.00000E+00
0.00000E+00  0.00000E+00  3.49040E-01  2.22450E-02  1.34440E-03  1.05070E-04  1.13480E-05
0.00000E+00  0.00000E+00  0.00000E+00  2.67750E-01  6.96860E-02  2.55210E-03  2.38030E-04
0.00000E+00  0.00000E+00  0.00000E+00  2.30940E-03  2.83090E-01  3.49440E-02  -9.23610E-04
0.00000E+00  0.00000E+00  0.00000E+00  0.00000E+00  2.77560E-02  2.74950E-01  8.94240E-03
0.00000E+00  0.00000E+00  0.00000E+00  0.00000E+00  1.94640E-03  2.28080E-02  2.64560E-01

6.11940E-02  2.22660E-02  0.00000E+00  0.00000E+00  0.00000E+00  0.00000E+00  0.00000E+00
0.00000E+00  1.73270E-01  2.19560E-02  0.00000E+00  0.00000E+00  0.00000E+00  0.00000E+00
0.00000E+00  0.00000E+00  3.49310E-01  2.22720E-02  1.34550E-03  1.05150E-04  1.13570E-05
0.00000E+00  0.00000E+00  0.00000E+00  2.68100E-01  6.98090E-02  2.55570E-03  2.38370E-04
0.00000E+00  0.00000E+00  0.00000E+00  2.30890E-03  2.84690E-01  3.53030E-02  -9.15740E-04
0.00000E+00  0.00000E+00  0.00000E+00  0.00000E+00  2.81420E-02  2.78050E-01  9.11090E-03
0.00000E+00  0.00000E+00  0.00000E+00  0.00000E+00  2.01530E-03  2.35630E-02  2.70430E-01

6.0906E-02  2.2273E-02  0.0000E+00  0.0000E+00  0.0000E+00  0.0000E+00  0.0000E+00
0.0000E+00  1.7303E-01  2.1954E-02  0.0000E+00  0.0000E+00  0.0000E+00  0.0000E+00
0.0000E+00  0.0000E+00  3.4953E-01  2.2298E-02  1.3464E-03  1.0523E-04  1.1365E-05
0.0000E+00  0.0000E+00  0.0000E+00  2.7300E-01  7.1474E-02  2.6067E-03  2.4313E-04
0.0000E+00  0.0000E+00  0.0000E+00  2.4525E-03  3.0642E-01  3.8848E-02  -9.4259E-04
0.0000E+00  0.0000E+00  0.0000E+00  0.0000E+00  2.9570E-02  2.8865E-01  9.6825E-03
0.0000E+00  0.0000E+00  0.0000E+00  0.0000E+00  2.1333E-03  2.4830E-02  2.7966E-01

6.06490E-02 2.22660E-02 0.00000E+00 0.00000E+00 0.00000E+00 0.00000E+00 0.00000E+00
0.00000E+00 1.72940E-01 2.19570E-02 0.00000E+00 0.00000E+00 0.00000E+00 0.00000E+00
0.00000E+00 0.00000E+00 3.49990E-01 2.23450E-02 1.34830E-03 1.05370E-04 1.13810E-05
0.00000E+00 0.00000E+00 0.00000E+00 2.75030E-01 7.21630E-02 2.62780E-03 2.45100E-04
0.00000E+00 0.00000E+00 0.00000E+00 2.55200E-03 3.17920E-01 4.06250E-02 -9.60410E-04
0.00000E+00 0.00000E+00 0.00000E+00 0.00000E+00 3.09010E-02 2.98770E-01 1.02240E-02
0.00000E+00 0.00000E+00 0.00000E+00 0.00000E+00 2.28300E-03 2.64240E-02 2.91660E-01

6.0487E-02 2.2261E-02 0.0000E+00 0.0000E+00 0.0000E+00 0.0000E+00 0.0000E+00
0.0000E+00 1.7288E-01 2.1958E-02 0.0000E+00 0.0000E+00 0.0000E+00 0.0000E+00
0.0000E+00 0.0000E+00 3.5025E-01 2.2371E-02 1.3493E-03 1.0546E-04 1.1390E-05
0.0000E+00 0.0000E+00 0.0000E+00 2.7615E-01 7.2537E-02 2.6394E-03 2.4618E-04
0.0000E+00 0.0000E+00 0.0000E+00 2.6116E-03 3.2422E-01 4.1572E-02 -9.7217E-04
0.0000E+00 0.0000E+00 0.0000E+00 0.0000E+00 3.1676E-02 3.0465E-01 1.0537E-02
0.0000E+00 0.0000E+00 0.0000E+00 0.0000E+00 2.3664E-03 2.7303E-02 2.9826E-01

5.80900E-02 2.27250E-02 0.00000E+00 0.00000E+00 0.00000E+00 0.00000E+00 0.00000E+00
0.00000E+00 1.72300E-01 2.21080E-02 0.00000E+00 0.00000E+00 0.00000E+00 0.00000E+00
0.00000E+00 0.00000E+00 3.50930E-01 2.23800E-02 1.35220E-03 1.05680E-04 1.14140E-05
0.00000E+00 0.00000E+00 0.00000E+00 2.73880E-01 7.14830E-02 2.61420E-03 2.43820E-04
0.00000E+00 0.00000E+00 0.00000E+00 2.74960E-03 3.33680E-01 4.30370E-02 -9.75400E-04
0.00000E+00 0.00000E+00 0.00000E+00 0.00000E+00 4.41620E-02 3.99420E-01 1.55330E-02
0.00000E+00 0.00000E+00 0.00000E+00 0.00000E+00 3.49600E-03 3.88090E-02 3.84550E-01

5.81000E-02 2.28700E-02 0.00000E+00 0.00000E+00 0.00000E+00 0.00000E+00 0.00000E+00
0.00000E+00 1.72480E-01 2.21400E-02 0.00000E+00 0.00000E+00 0.00000E+00 0.00000E+00
0.00000E+00 0.00000E+00 3.50510E-01 2.23670E-02 1.35060E-03 1.05560E-04 1.14000E-05
0.00000E+00 0.00000E+00 0.00000E+00 2.72430E-01 7.12690E-02 2.60130E-03 2.42620E-04
0.00000E+00 0.00000E+00 0.00000E+00 2.61470E-03 3.23700E-01 4.17970E-02 -9.38660E-04
0.00000E+00 0.00000E+00 0.00000E+00 0.00000E+00 4.41500E-02 3.99340E-01 1.55290E-02
0.00000E+00 0.00000E+00 0.00000E+00 0.00000E+00 3.49650E-03 3.88140E-02 3.84590E-01
                                                          
5.7998E-02 2.2882E-02 0.0000E+00 0.0000E+00 0.0000E+00 0.0000E+00 0.0000E+00
0.0000E+00 1.7249E-01 2.2144E-02 0.0000E+00 0.0000E+00 0.0000E+00 0.0000E+00
0.0000E+00 0.0000E+00 3.5053E-01 2.2353E-02 1.3506E-03 1.0556E-04 1.1401E-05
0.0000E+00 0.0000E+00 0.0000E+00 2.7217E-01 7.0996E-02 2.5971E-03 2.4223E-04
0.0000E+00 0.0000E+00 0.0000E+00 2.7394E-03 3.3271E-01 4.2899E-02 -9.7288E-04
0.0000E+00 0.0000E+00 0.0000E+00 0.0000E+00 4.4166E-02 3.9945E-01 1.5534E-02
0.0000E+00 0.0000E+00 0.0000E+00 0.0000E+00 3.4966E-03 3.8816E-02 3.8461E-01
                               
5.00820E-02 3.74240E-02 0.00000E+00 0.00000E+00 0.00000E+00 0.00000E+00 0.00000E+00
0.00000E+00 2.52830E-01 3.65410E-02 0.00000E+00 0.00000E+00 0.00000E+00 0.00000E+00
0.00000E+00 0.00000E+00 5.62910E-01 3.65980E-02 2.18760E-03 1.70970E-04 1.84650E-05
0.00000E+00 0.00000E+00 0.00000E+00 4.30400E-01 1.15840E-01 4.16790E-03 3.88730E-04
0.00000E+00 0.00000E+00 0.00000E+00 3.95400E-03 4.51120E-01 5.95000E-02 -1.28580E-03
0.00000E+00 0.00000E+00 0.00000E+00 0.00000E+00 4.79600E-02 4.30230E-01 1.69750E-02
0.00000E+00 0.00000E+00 0.00000E+00 0.00000E+00 3.67290E-03 4.08670E-02 4.02610E-01

3.90490E-02 1.81000E-02 0.00000E+00 0.00000E+00 0.00000E+00 0.00000E+00 0.00000E+00
0.00000E+00 1.37940E-01 1.77810E-02 0.00000E+00 0.00000E+00 0.00000E+00 0.00000E+00
0.00000E+00 0.00000E+00 2.96460E-01 1.90690E-02 1.14450E-03 8.94510E-05 9.66100E-06
0.00000E+00 0.00000E+00 0.00000E+00 2.85300E-01 7.59610E-02 2.74850E-03 2.56350E-04
0.00000E+00 0.00000E+00 0.00000E+00 2.67960E-03 3.15210E-01 4.05930E-02 -8.98230E-04
0.00000E+00 0.00000E+00 0.00000E+00 0.00000E+00 3.33050E-02 3.07750E-01 1.12010E-02
0.00000E+00 0.00000E+00 0.00000E+00 0.00000E+00 2.65070E-03 2.81600E-02 2.93530E-01
                
0.00000E+00  0.00000E+00  0.00000E+00  0.00000E+00  0.00000E+00  0.00000E+00  0.00000E+00
0.00000E+00  0.00000E+00  0.00000E+00  0.00000E+00  0.00000E+00  0.00000E+00  0.00000E+00
0.00000E+00  0.00000E+00  0.00000E+00  0.00000E+00  0.00000E+00  0.00000E+00  0.00000E+00
0.00000E+00  0.00000E+00  0.00000E+00  0.00000E+00  0.00000E+00  0.00000E+00  0.00000E+00
0.00000E+00  0.00000E+00  0.00000E+00  0.00000E+00  0.00000E+00  0.00000E+00  0.00000E+00
0.00000E+00  0.00000E+00  0.00000E+00  0.00000E+00  0.00000E+00  0.00000E+00  0.00000E+00
0.00000E+00  0.00000E+00  0.00000E+00  0.00000E+00  0.00000E+00  0.00000E+00  0.00000E+00

4.93760E-02 4.09350E-02 0.00000E+00 0.00000E+00 0.00000E+00 0.00000E+00 0.00000E+00
0.00000E+00 2.78540E-01 4.39080E-02 0.00000E+00 0.00000E+00 0.00000E+00 0.00000E+00
0.00000E+00 0.00000E+00 6.08370E-01 5.34040E-02 3.20580E-03 2.57000E-04 2.76290E-05
0.00000E+00 0.00000E+00 0.00000E+00 4.71300E-01 1.30740E-01 4.66600E-03 4.33730E-04
0.00000E+00 0.00000E+00 0.00000E+00 2.08820E-03 4.75790E-01 8.75870E-02 -1.45810E-03
0.00000E+00 0.00000E+00 0.00000E+00 0.00000E+00 5.04540E-02 4.73430E-01 2.05160E-02
0.00000E+00 0.00000E+00 0.00000E+00 0.00000E+00 3.93640E-03 4.39140E-02 4.42770E-01












21.42 21.42 2.52 16.38 2.52 16.38 2.52 18.9
21.42 21.42 2.52 16.38 2.52 16.38 2.52 18.9
21.42 21.42 2.52 16.38 2.52 16.38 2.52 18.9
21.42 21.42 2.52 16.38 2.52 16.38 2.52 18.9
21.42 21.42 2.52 16.38 2.52 16.38 2.52 18.9
21.42 21.42 2.52 16.38 2.52 16.38 2.52 18.9
21.42 21.42 2.52 16.38 2.52 16.38 2.52 18.9
21.42 21.42 2.52 16.38 2.52 16.38 2.52 18.9

18.9 18.9 18.9 18.9 18.9 18.9 18.9 18.9
2.52 2.52 2.52 2.52 2.52 2.52 2.52 2.52 
18.9 18.9 18.9 18.9 18.9 18.9 18.9 18.9 
2.52 2.52 2.52 2.52 2.52 2.52 2.52 2.52 
18.9 18.9 18.9 18.9 18.9 18.9 18.9 18.9 
2.52 2.52 2.52 2.52 2.52 2.52 2.52 2.52 
21.42 21.42 21.42 21.42 21.42 21.42 21.42 21.42 
21.42 21.42 21.42 21.42 21.42 21.42 21.42 21.42 

0.0 0.0 0.0 0.0 0.0 0.0 0.0
0.0 0.0 0.0 0.0 0.0 0.0 0.0
0.0 0.0 0.0 0.0 0.0 0.0 0.0
0.0 0.0 0.0 0.0 0.0 0.0 0.0
0.0 0.0 0.0 0.0 0.0 0.0 0.0
0.0 0.0 0.0 0.0 0.0 0.0 0.0
0.0 0.0 0.0 0.0 0.0 0.0 0.0
0.0 0.0 0.0 0.0 0.0 0.0 0.0
0.0 0.0 0.0 0.0 0.0 0.0 0.0

0.0 0.0 0.0 0.0 0.0 0.0 0.0
0.0 0.0 0.0 0.0 0.0 0.0 0.0
0.0 0.0 0.0 0.0 0.0 0.0 0.0
0.0 0.0 0.0 0.0 0.0 0.0 0.0
0.0 0.0 0.0 0.0 0.0 0.0 0.0
0.0 0.0 0.0 0.0 0.0 0.0 0.0
0.0 0.0 0.0 0.0 0.0 0.0 0.0
0.0 0.0 0.0 0.0 0.0 0.0 0.0
0.0 0.0 0.0 0.0 0.0 0.0 0.0

0.0 0.0 0.0 0.0 0.0 0.0 0.0
0.0 0.0 0.0 0.0 0.0 0.0 0.0
0.0 0.0 0.0 0.0 0.0 0.0 0.0
0.0 0.0 0.0 0.0 0.0 0.0 0.0
0.0 0.0 0.0 0.0 0.0 0.0 0.0
0.0 0.0 0.0 0.0 0.0 0.0 0.0
0.0 0.0 0.0 0.0 0.0 0.0 0.0
0.0 0.0 0.0 0.0 0.0 0.0 0.0
0.0 0.0 0.0 0.0 0.0 0.0 0.0

0.0 0.0 0.0 0.0 0.0 0.0 0.0
0.0 0.0 0.0 0.0 0.0 0.0 0.0
0.0 0.0 0.0 0.0 0.0 0.0 0.0
0.0 0.0 0.0 0.0 0.0 0.0 0.0
0.0 0.0 0.0 0.0 0.0 0.0 0.0
0.0 0.0 0.0 0.0 0.0 0.0 0.0
0.0 0.0 0.0 0.0 0.0 0.0 0.0
0.0 0.0 0.0 0.0 0.0 0.0 0.0
0.0 0.0 0.0 0.0 0.0 0.0 0.0

0.0 0.0 0.0 0.0 0.0 0.0 0.0
0.0 0.0 0.0 0.0 0.0 0.0 0.0
0.0 0.0 0.0 0.0 0.0 0.0 0.0
0.0 0.0 0.0 0.0 0.0 0.0 0.0
0.0 0.0 0.0 0.0 0.0 0.0 0.0
0.0 0.0 0.0 0.0 0.0 0.0 0.0
0.0 0.0 0.0 0.0 0.0 0.0 0.0
0.0 0.0 0.0 0.0 0.0 0.0 0.0
0.0 0.0 0.0 0.0 0.0 0.0 0.0

0.0 0.0 0.0 0.0 0.0 0.0 0.0
0.0 0.0 0.0 0.0 0.0 0.0 0.0
0.0 0.0 0.0 0.0 0.0 0.0 0.0
0.0 0.0 0.0 0.0 0.0 0.0 0.0
0.0 0.0 0.0 0.0 0.0 0.0 0.0
0.0 0.0 0.0 0.0 0.0 0.0 0.0
0.0 0.0 0.0 0.0 0.0 0.0 0.0
0.0 0.0 0.0 0.0 0.0 0.0 0.0
0.0 0.0 0.0 0.0 0.0 0.0 0.0

0.0 0.0 0.0 0.0 0.0 0.0 0.0
0.0 0.0 0.0 0.0 0.0 0.0 0.0
0.0 0.0 0.0 0.0 0.0 0.0 0.0
0.0 0.0 0.0 0.0 0.0 0.0 0.0
0.0 0.0 0.0 0.0 0.0 0.0 0.0
0.0 0.0 0.0 0.0 0.0 0.0 0.0
0.0 0.0 0.0 0.0 0.0 0.0 0.0
0.0 0.0 0.0 0.0 0.0 0.0 0.0
0.0 0.0 0.0 0.0 0.0 0.0 0.0

1.0 0.0 0.0 0.0 0.0 0.0 0.0
0.0 0.0 0.0 0.0 0.0 0.0 0.0
0.0 0.0 0.0 0.0 0.0 0.0 0.0
0.0 0.0 0.0 0.0 0.0 0.0 0.0
0.0 0.0 0.0 0.0 0.0 0.0 0.0
0.0 0.0 0.0 0.0 0.0 0.0 0.0
0.0 0.0 0.0 0.0 0.0 0.0 0.0
0.0 0.0 0.0 0.0 0.0 0.0 0.0
0.0 0.0 0.0 0.0 0.0 0.0 0.0


1        Combustivel UO2 com enriquecimento de 2,0%

2        Combustivel UO2 com enriquecimento de 3,3% 

3        Mox a 4,3%

4        Mox a 7,0%

5        Mox a 8,7%

6        Vareta de Gd BA - BA + UO2 a 0,711% (Para UOX-2 FA)

7        Vareta de Gd BA - BA + UO2 a 0,711% (Para MOX-2 FA)

8        Vareta de Gd BA - BA + UO2 a 0,711% (Para MOX-1 FA)

9        Tubo Guia

10       Vareta de Barra de Controle

11       Baffle

12       Refletor