3
3

30
1

0
0
0
0

1 1 1
1 1 1
1 1 1

1 1 1
1 1 1
1 1 1

1 1 1
1 1 1
1 1 1

0.0932258327160776 0.0987614454199828 0.101242174129435 0.105901169861517 0.109739639208672 0.120476965029158 0.162656294894028 0.209560850017221 0.214259972773932 0.247475632990728 0.29029623083863 0.39299171101832 0.448235536950269 0.654354802122252 0.695862492846602 0.904701844228852 1.16846446576998 1.32898054995013 1.40891173391 1.47221572121756 1.44685257693475 1.45123625608197 1.45313182470359 1.45429164316731 1.45574884639797 1.46175776619991 1.49554710310628 1.57568730729562 1.87978684673025 3.08576371804672 

2.5727722526E-02	1.0399738629E-02	5.2117177556E-03	5.7731111600E-03	8.5851022371E-03	6.2374438639E-03	1.0199098947E-02	6.9522424514E-03	1.5350917867E-04	2.2354614387E-03	1.6460364337E-03	2.1239941297E-03	1.2568100906E-03	7.4875875306E-04	4.3468175708E-04	3.8927093731E-04	1.2668835081E-04	4.3600000000E-05	1.5500000000E-05	5.6900000000E-06	2.0800000000E-06	7.5400000000E-07	2.9000000000E-07	1.0200000000E-07	4.2500000000E-08	1.1100000000E-08	5.0600000000E-10	0.0000000000E+00	0.0000000000E+00	0.0000000000E+00
0.0000000000E+00	2.3937660569E-02	1.3179567124E-02	8.5610012239E-03	8.0627375183E-03	8.8652729825E-03	1.0673689175E-02	7.8384876009E-03	1.9886545359E-04	2.9111517599E-03	2.0732526324E-03	2.5364215533E-03	1.4693358319E-03	8.7002222678E-04	5.0380589685E-04	4.5702527842E-04	1.5308226376E-04	5.2900000000E-05	1.8900000000E-05	6.9500000000E-06	2.5800000000E-06	8.9800000000E-07	3.1500000000E-07	1.1100000000E-07	4.9600000000E-08	1.4600000000E-08	3.3100000000E-09	0.0000000000E+00	0.0000000000E+00	0.0000000000E+00
0.0000000000E+00	0.0000000000E+00	2.2290962734E-02	1.7660396239E-02	9.9848761002E-03	8.3006708906E-03	1.5332089270E-02	8.0114921516E-03	1.9233658415E-04	2.8558547181E-03	2.2587227230E-03	3.1558719986E-03	1.8293010178E-03	1.0521863904E-03	6.0057387574E-04	5.4592952966E-04	1.8473111005E-04	6.4800000000E-05	2.3300000000E-05	8.4100000000E-06	3.1300000000E-06	1.1600000000E-06	4.0700000000E-07	1.5800000000E-07	4.9900000000E-08	2.9500000000E-08	3.2800000000E-09	0.0000000000E+00	0.0000000000E+00	0.0000000000E+00
0.0000000000E+00	0.0000000000E+00	0.0000000000E+00	2.3723000560E-02	2.1733252531E-02	9.2805064424E-03	1.7310217225E-02	1.1481554279E-02	2.2697654257E-04	3.2665741259E-03	2.4355579408E-03	3.3724506249E-03	2.0453963174E-03	1.2204914497E-03	7.1972696540E-04	6.7803708374E-04	2.3702149852E-04	8.4600000000E-05	3.0500000000E-05	1.1300000000E-05	4.1700000000E-06	1.5400000000E-06	5.8300000000E-07	2.1300000000E-07	6.7400000000E-08	2.3000000000E-08	8.3000000000E-09	0.0000000000E+00	0.0000000000E+00	0.0000000000E+00
0.0000000000E+00	0.0000000000E+00	0.0000000000E+00	0.0000000000E+00	2.3794955178E-02	2.2005994162E-02	1.9155307109E-02	1.4571634467E-02	4.0416112204E-04	6.2913847067E-03	5.0094717650E-03	5.8273530322E-03	3.0130021946E-03	1.7327348994E-03	9.7882032821E-04	9.2596066991E-04	3.3431342723E-04	1.2242713013E-04	4.4800000000E-05	1.6400000000E-05	6.0000000000E-06	2.2500000000E-06	8.1200000000E-07	3.1400000000E-07	1.1800000000E-07	4.1000000000E-08	1.0300000000E-08	0.0000000000E+00	0.0000000000E+00	0.0000000000E+00
0.0000000000E+00	0.0000000000E+00	0.0000000000E+00	0.0000000000E+00	0.0000000000E+00	2.7635798457E-02	4.0477848560E-02	1.7456457142E-02	4.2835107693E-04	6.4745852308E-03	5.1272312556E-03	8.0475196212E-03	4.9931482073E-03	2.8099845753E-03	1.6843337361E-03	1.5753871933E-03	5.4750347229E-04	1.9620841560E-04	7.1400000000E-05	2.6100000000E-05	9.6100000000E-06	3.5400000000E-06	1.2500000000E-06	4.5200000000E-07	1.6400000000E-07	6.5200000000E-08	2.6800000000E-08	1.0500000000E-09	0.0000000000E+00	0.0000000000E+00
0.0000000000E+00	0.0000000000E+00	0.0000000000E+00	0.0000000000E+00	0.0000000000E+00	0.0000000000E+00	6.5014074041E-02	4.3353825217E-02	7.5764294006E-04	1.1372880188E-02	8.9115546556E-03	1.2398382000E-02	7.5856115821E-03	4.6092692876E-03	2.7752143314E-03	2.7046623902E-03	9.9072705054E-04	3.6237725843E-04	1.3359028585E-04	4.8600000000E-05	1.8100000000E-05	6.5900000000E-06	2.4600000000E-06	9.1900000000E-07	3.2300000000E-07	1.1400000000E-07	4.2800000000E-08	4.6300000000E-09	0.0000000000E+00	0.0000000000E+00
0.0000000000E+00	0.0000000000E+00	0.0000000000E+00	0.0000000000E+00	0.0000000000E+00	0.0000000000E+00	0.0000000000E+00	8.2554298513E-02	2.7450692134E-03	3.2750859997E-02	2.0260081280E-02	2.7738644704E-02	1.6952997927E-02	1.0345609839E-02	6.2470512648E-03	6.1078451928E-03	2.2464077131E-03	8.2221752004E-04	3.0280623643E-04	1.1128170313E-04	4.1100000000E-05	1.5000000000E-05	5.4500000000E-06	2.0100000000E-06	7.7200000000E-07	2.8200000000E-07	1.0900000000E-07	3.4000000000E-08	5.3200000000E-10	0.0000000000E+00
0.0000000000E+00	0.0000000000E+00	0.0000000000E+00	0.0000000000E+00	0.0000000000E+00	0.0000000000E+00	0.0000000000E+00	0.0000000000E+00	3.5082488020E-03	7.3184185553E-02	3.2541467734E-02	4.0988558620E-02	2.5011381169E-02	1.5241123789E-02	9.2106370285E-03	9.0320454114E-03	3.3397284165E-03	1.2214571633E-03	4.5195730570E-04	1.6460065460E-04	5.9500000000E-05	2.2800000000E-05	8.6800000000E-06	2.9700000000E-06	1.5100000000E-06	3.0600000000E-07	6.5600000000E-08	4.3700000000E-08	0.0000000000E+00	0.0000000000E+00
0.0000000000E+00	0.0000000000E+00	0.0000000000E+00	0.0000000000E+00	0.0000000000E+00	0.0000000000E+00	0.0000000000E+00	0.0000000000E+00	0.0000000000E+00	5.3545846746E-02	6.4278360622E-02	5.0989739785E-02	3.0798870580E-02	1.8790264893E-02	1.1356606400E-02	1.1123413095E-02	4.0871842395E-03	1.4985290220E-03	5.5279685942E-04	2.0244512931E-04	7.4400000000E-05	2.7100000000E-05	1.0300000000E-05	3.6800000000E-06	1.3700000000E-06	5.2600000000E-07	1.7100000000E-07	6.0000000000E-08	1.3200000000E-08	0.0000000000E+00
0.0000000000E+00	0.0000000000E+00	0.0000000000E+00	0.0000000000E+00	0.0000000000E+00	0.0000000000E+00	0.0000000000E+00	0.0000000000E+00	0.0000000000E+00	0.0000000000E+00	6.5547087679E-02	1.0851419272E-01	4.5545897496E-02	2.7799328300E-02	1.6788076060E-02	1.6435146149E-02	6.0475806557E-03	2.2162665813E-03	8.1521732716E-04	2.9749035973E-04	1.1054193993E-04	4.0300000000E-05	1.5000000000E-05	5.4100000000E-06	2.0400000000E-06	8.0400000000E-07	2.5500000000E-07	9.7800000000E-08	1.7500000000E-08	0.0000000000E+00
0.0000000000E+00	0.0000000000E+00	0.0000000000E+00	0.0000000000E+00	0.0000000000E+00	0.0000000000E+00	0.0000000000E+00	0.0000000000E+00	0.0000000000E+00	0.0000000000E+00	0.0000000000E+00	1.5330147091E-01	1.1344412277E-01	4.9741410833E-02	3.0023277526E-02	2.9380116907E-02	1.0801255633E-02	3.9605460191E-03	1.4555773635E-03	5.3368787490E-04	1.9709214923E-04	7.2900000000E-05	2.6800000000E-05	9.8000000000E-06	3.7100000000E-06	1.3900000000E-06	5.1400000000E-07	2.0700000000E-07	5.8900000000E-08	7.0700000000E-09
0.0000000000E+00	0.0000000000E+00	0.0000000000E+00	0.0000000000E+00	0.0000000000E+00	0.0000000000E+00	0.0000000000E+00	0.0000000000E+00	0.0000000000E+00	0.0000000000E+00	0.0000000000E+00	0.0000000000E+00	1.6078811446E-01	1.2547749353E-01	6.3584984716E-02	6.2190333048E-02	2.2866168250E-02	8.3828733720E-03	3.0842595422E-03	1.1279765442E-03	4.1765698687E-04	1.5419844032E-04	5.6200000000E-05	2.0700000000E-05	7.7900000000E-06	2.7900000000E-06	1.0900000000E-06	3.7700000000E-07	1.4000000000E-07	2.6700000000E-08
0.0000000000E+00	0.0000000000E+00	0.0000000000E+00	0.0000000000E+00	0.0000000000E+00	0.0000000000E+00	0.0000000000E+00	0.0000000000E+00	0.0000000000E+00	0.0000000000E+00	0.0000000000E+00	0.0000000000E+00	0.0000000000E+00	2.6237669398E-01	1.7647066262E-01	1.3627601509E-01	5.0144264892E-02	1.8362631405E-02	6.7622157345E-03	2.4787441240E-03	9.1469395550E-04	3.3656619896E-04	1.2424668326E-04	4.5100000000E-05	1.6400000000E-05	6.1600000000E-06	2.2500000000E-06	8.5200000000E-07	2.8400000000E-07	9.0700000000E-08
0.0000000000E+00	0.0000000000E+00	0.0000000000E+00	0.0000000000E+00	0.0000000000E+00	0.0000000000E+00	0.0000000000E+00	0.0000000000E+00	0.0000000000E+00	0.0000000000E+00	0.0000000000E+00	0.0000000000E+00	0.0000000000E+00	0.0000000000E+00	2.1616503213E-01	3.1464228182E-01	1.0449883397E-01	3.8272952186E-02	1.4086168277E-02	5.1685561168E-03	1.9084134071E-03	7.0228288337E-04	2.5804388577E-04	9.5500000000E-05	3.5300000000E-05	1.2800000000E-05	4.8100000000E-06	1.7200000000E-06	6.6100000000E-07	2.8500000000E-07
0.0000000000E+00	0.0000000000E+00	0.0000000000E+00	0.0000000000E+00	0.0000000000E+00	0.0000000000E+00	0.0000000000E+00	0.0000000000E+00	0.0000000000E+00	0.0000000000E+00	0.0000000000E+00	0.0000000000E+00	0.0000000000E+00	0.0000000000E+00	0.0000000000E+00	4.0577368144E-01	3.2112793680E-01	1.1240813871E-01	4.1362573596E-02	1.5168128364E-02	5.5955035085E-03	2.0582942469E-03	7.5792900077E-04	2.7716269523E-04	1.0221327336E-04	3.7800000000E-05	1.4000000000E-05	5.3400000000E-06	1.8500000000E-06	8.9200000000E-07
0.0000000000E+00	0.0000000000E+00	0.0000000000E+00	0.0000000000E+00	0.0000000000E+00	0.0000000000E+00	0.0000000000E+00	0.0000000000E+00	0.0000000000E+00	0.0000000000E+00	0.0000000000E+00	0.0000000000E+00	0.0000000000E+00	0.0000000000E+00	0.0000000000E+00	0.0000000000E+00	5.0826753208E-01	4.2325354835E-01	1.4990112774E-01	5.4926368706E-02	2.0298509493E-02	7.4569910551E-03	2.7482281689E-03	1.0078793220E-03	3.6937101187E-04	1.3707355350E-04	5.0300000000E-05	1.8900000000E-05	6.6400000000E-06	3.3700000000E-06
0.0000000000E+00	0.0000000000E+00	0.0000000000E+00	0.0000000000E+00	0.0000000000E+00	0.0000000000E+00	0.0000000000E+00	0.0000000000E+00	0.0000000000E+00	0.0000000000E+00	0.0000000000E+00	0.0000000000E+00	0.0000000000E+00	0.0000000000E+00	0.0000000000E+00	0.0000000000E+00	0.0000000000E+00	5.6890787087E-01	4.8709948910E-01	1.7231364745E-01	6.3633792109E-02	2.3384518338E-02	8.6125009689E-03	3.1565953072E-03	1.1642839717E-03	4.2913784296E-04	1.5771233694E-04	5.7700000000E-05	2.1200000000E-05	1.0900000000E-05
0.0000000000E+00	0.0000000000E+00	0.0000000000E+00	0.0000000000E+00	0.0000000000E+00	0.0000000000E+00	0.0000000000E+00	0.0000000000E+00	0.0000000000E+00	0.0000000000E+00	0.0000000000E+00	0.0000000000E+00	0.0000000000E+00	0.0000000000E+00	0.0000000000E+00	0.0000000000E+00	0.0000000000E+00	0.0000000000E+00	6.0155075320E-01	5.1673079910E-01	1.8373502096E-01	6.7549734447E-02	2.4846536943E-02	9.1320200255E-03	3.3565001392E-03	1.2374549524E-03	4.5282347950E-04	1.6864453622E-04	6.3000000000E-05	3.2700000000E-05
0.0000000000E+00	0.0000000000E+00	0.0000000000E+00	0.0000000000E+00	0.0000000000E+00	0.0000000000E+00	0.0000000000E+00	0.0000000000E+00	0.0000000000E+00	0.0000000000E+00	0.0000000000E+00	0.0000000000E+00	0.0000000000E+00	0.0000000000E+00	0.0000000000E+00	0.0000000000E+00	0.0000000000E+00	0.0000000000E+00	0.0000000000E+00	6.4424971216E-01	5.3011103750E-01	1.8824032548E-01	6.9236811304E-02	2.5442631615E-02	9.3592066068E-03	3.4519912510E-03	1.2652750136E-03	4.7034317538E-04	1.6980035369E-04	8.9500000000E-05
0.0000000000E+00	0.0000000000E+00	0.0000000000E+00	0.0000000000E+00	0.0000000000E+00	0.0000000000E+00	0.0000000000E+00	0.0000000000E+00	0.0000000000E+00	0.0000000000E+00	0.0000000000E+00	0.0000000000E+00	0.0000000000E+00	0.0000000000E+00	0.0000000000E+00	0.0000000000E+00	0.0000000000E+00	0.0000000000E+00	0.0000000000E+00	0.0000000000E+00	6.1408751911E-01	5.3294904900E-01	1.8952540450E-01	6.9611859462E-02	2.5617739610E-02	9.4418120366E-03	3.4629604766E-03	1.2845547979E-03	4.7060302449E-04	2.4857047114E-04
0.0000000000E+00	0.0000000000E+00	0.0000000000E+00	0.0000000000E+00	0.0000000000E+00	0.0000000000E+00	0.0000000000E+00	0.0000000000E+00	0.0000000000E+00	0.0000000000E+00	0.0000000000E+00	0.0000000000E+00	0.0000000000E+00	0.0000000000E+00	0.0000000000E+00	0.0000000000E+00	0.0000000000E+00	0.0000000000E+00	0.0000000000E+00	0.0000000000E+00	7.6300000000E-09	6.1545328064E-01	5.3499917060E-01	1.8996517641E-01	6.9911701291E-02	2.5737804397E-02	9.4491607226E-03	3.5034007362E-03	1.2830193727E-03	6.8323063838E-04
0.0000000000E+00	0.0000000000E+00	0.0000000000E+00	0.0000000000E+00	0.0000000000E+00	0.0000000000E+00	0.0000000000E+00	0.0000000000E+00	0.0000000000E+00	0.0000000000E+00	0.0000000000E+00	0.0000000000E+00	0.0000000000E+00	0.0000000000E+00	0.0000000000E+00	0.0000000000E+00	0.0000000000E+00	0.0000000000E+00	0.0000000000E+00	0.0000000000E+00	0.0000000000E+00	5.1200000000E-08	6.1649796909E-01	5.3516743124E-01	1.9032814233E-01	7.0115019603E-02	2.5718615716E-02	9.5343638541E-03	3.4968630435E-03	1.8606824592E-03
0.0000000000E+00	0.0000000000E+00	0.0000000000E+00	0.0000000000E+00	0.0000000000E+00	0.0000000000E+00	0.0000000000E+00	0.0000000000E+00	0.0000000000E+00	0.0000000000E+00	0.0000000000E+00	0.0000000000E+00	0.0000000000E+00	0.0000000000E+00	0.0000000000E+00	0.0000000000E+00	0.0000000000E+00	0.0000000000E+00	0.0000000000E+00	0.0000000000E+00	0.0000000000E+00	0.0000000000E+00	2.8600000000E-07	6.1687908589E-01	5.3557857394E-01	1.9072792371E-01	6.9953393668E-02	2.5932596398E-02	9.4987490712E-03	5.0406223311E-03
0.0000000000E+00	0.0000000000E+00	0.0000000000E+00	0.0000000000E+00	0.0000000000E+00	0.0000000000E+00	0.0000000000E+00	0.0000000000E+00	0.0000000000E+00	0.0000000000E+00	0.0000000000E+00	0.0000000000E+00	0.0000000000E+00	0.0000000000E+00	0.0000000000E+00	0.0000000000E+00	0.0000000000E+00	0.0000000000E+00	0.0000000000E+00	0.0000000000E+00	0.0000000000E+00	0.0000000000E+00	0.0000000000E+00	1.8400000000E-06	6.1856896342E-01	5.3592561190E-01	1.9011535954E-01	7.0508095481E-02	2.5789518501E-02	1.3717774773E-02
0.0000000000E+00	0.0000000000E+00	0.0000000000E+00	0.0000000000E+00	0.0000000000E+00	0.0000000000E+00	0.0000000000E+00	0.0000000000E+00	0.0000000000E+00	0.0000000000E+00	0.0000000000E+00	0.0000000000E+00	0.0000000000E+00	0.0000000000E+00	0.0000000000E+00	0.0000000000E+00	0.0000000000E+00	0.0000000000E+00	0.0000000000E+00	0.0000000000E+00	0.0000000000E+00	0.0000000000E+00	0.0000000000E+00	0.0000000000E+00	1.8700000000E-05	6.2821736809E-01	5.3533613937E-01	1.9186548866E-01	6.9592421233E-02	3.4877288374E-02
0.0000000000E+00	0.0000000000E+00	0.0000000000E+00	0.0000000000E+00	0.0000000000E+00	0.0000000000E+00	0.0000000000E+00	0.0000000000E+00	0.0000000000E+00	0.0000000000E+00	0.0000000000E+00	0.0000000000E+00	0.0000000000E+00	0.0000000000E+00	0.0000000000E+00	0.0000000000E+00	0.0000000000E+00	0.0000000000E+00	0.0000000000E+00	0.0000000000E+00	0.0000000000E+00	0.0000000000E+00	0.0000000000E+00	0.0000000000E+00	0.0000000000E+00	1.7046575474E-04	6.8971813316E-01	5.3940271222E-01	1.8540238486E-01	7.7800992757E-02
0.0000000000E+00	0.0000000000E+00	0.0000000000E+00	0.0000000000E+00	0.0000000000E+00	0.0000000000E+00	0.0000000000E+00	0.0000000000E+00	0.0000000000E+00	0.0000000000E+00	0.0000000000E+00	0.0000000000E+00	0.0000000000E+00	0.0000000000E+00	0.0000000000E+00	0.0000000000E+00	0.0000000000E+00	0.0000000000E+00	0.0000000000E+00	0.0000000000E+00	0.0000000000E+00	0.0000000000E+00	0.0000000000E+00	0.0000000000E+00	0.0000000000E+00	0.0000000000E+00	1.2268199025E-03	8.1613634182E-01	5.4415090446E-01	2.0912432571E-01
0.0000000000E+00	0.0000000000E+00	0.0000000000E+00	0.0000000000E+00	0.0000000000E+00	0.0000000000E+00	0.0000000000E+00	0.0000000000E+00	0.0000000000E+00	0.0000000000E+00	0.0000000000E+00	0.0000000000E+00	0.0000000000E+00	0.0000000000E+00	0.0000000000E+00	0.0000000000E+00	0.0000000000E+00	0.0000000000E+00	0.0000000000E+00	0.0000000000E+00	0.0000000000E+00	0.0000000000E+00	0.0000000000E+00	0.0000000000E+00	0.0000000000E+00	0.0000000000E+00	0.0000000000E+00	7.6228745654E-03	1.0801412781E+00	7.8345486227E-01
0.0000000000E+00	0.0000000000E+00	0.0000000000E+00	0.0000000000E+00	0.0000000000E+00	0.0000000000E+00	0.0000000000E+00	0.0000000000E+00	0.0000000000E+00	0.0000000000E+00	0.0000000000E+00	0.0000000000E+00	0.0000000000E+00	0.0000000000E+00	0.0000000000E+00	0.0000000000E+00	0.0000000000E+00	0.0000000000E+00	0.0000000000E+00	0.0000000000E+00	0.0000000000E+00	0.0000000000E+00	0.0000000000E+00	0.0000000000E+00	0.0000000000E+00	0.0000000000E+00	0.0000000000E+00	4.0200000000E-07	2.4652707559E-02	3.0386810867E+00




2.303097956400E-02	0.000000000000E+00	0.000000000000E+00	0.000000000000E+00	0.000000000000E+00	0.000000000000E+00	0.000000000000E+00	0.000000000000E+00	0.000000000000E+00	0.000000000000E+00	0.000000000000E+00	0.000000000000E+00	0.000000000000E+00	0.000000000000E+00	0.000000000000E+00	0.000000000000E+00	0.000000000000E+00	0.000000000000E+00	0.000000000000E+00	0.000000000000E+00	0.000000000000E+00	0.000000000000E+00	0.000000000000E+00	0.000000000000E+00	0.000000000000E+00	0.000000000000E+00	0.000000000000E+00	0.000000000000E+00	0.000000000000E+00	0.000000000000E+00
6.071592174400E-03	2.163691339300E-02	0.000000000000E+00	0.000000000000E+00	0.000000000000E+00	0.000000000000E+00	0.000000000000E+00	0.000000000000E+00	0.000000000000E+00	0.000000000000E+00	0.000000000000E+00	0.000000000000E+00	0.000000000000E+00	0.000000000000E+00	0.000000000000E+00	0.000000000000E+00	0.000000000000E+00	0.000000000000E+00	0.000000000000E+00	0.000000000000E+00	0.000000000000E+00	0.000000000000E+00	0.000000000000E+00	0.000000000000E+00	0.000000000000E+00	0.000000000000E+00	0.000000000000E+00	0.000000000000E+00	0.000000000000E+00	0.000000000000E+00
2.537601126800E-03	7.167903155800E-03	2.001952028500E-02	0.000000000000E+00	0.000000000000E+00	0.000000000000E+00	0.000000000000E+00	0.000000000000E+00	0.000000000000E+00	0.000000000000E+00	0.000000000000E+00	0.000000000000E+00	0.000000000000E+00	0.000000000000E+00	0.000000000000E+00	0.000000000000E+00	0.000000000000E+00	0.000000000000E+00	0.000000000000E+00	0.000000000000E+00	0.000000000000E+00	0.000000000000E+00	0.000000000000E+00	0.000000000000E+00	0.000000000000E+00	0.000000000000E+00	0.000000000000E+00	0.000000000000E+00	0.000000000000E+00	0.000000000000E+00
4.301747267300E-03	3.942679407100E-03	8.171232449300E-03	1.959190946900E-02	0.000000000000E+00	0.000000000000E+00	0.000000000000E+00	0.000000000000E+00	0.000000000000E+00	0.000000000000E+00	0.000000000000E+00	0.000000000000E+00	0.000000000000E+00	0.000000000000E+00	0.000000000000E+00	0.000000000000E+00	0.000000000000E+00	0.000000000000E+00	0.000000000000E+00	0.000000000000E+00	0.000000000000E+00	0.000000000000E+00	0.000000000000E+00	0.000000000000E+00	0.000000000000E+00	0.000000000000E+00	0.000000000000E+00	0.000000000000E+00	0.000000000000E+00	0.000000000000E+00
5.215834639500E-03	6.167055782200E-03	6.271739043500E-03	6.968714963300E-03	1.728066412500E-02	0.000000000000E+00	0.000000000000E+00	0.000000000000E+00	0.000000000000E+00	0.000000000000E+00	0.000000000000E+00	0.000000000000E+00	0.000000000000E+00	0.000000000000E+00	0.000000000000E+00	0.000000000000E+00	0.000000000000E+00	0.000000000000E+00	0.000000000000E+00	0.000000000000E+00	0.000000000000E+00	0.000000000000E+00	0.000000000000E+00	0.000000000000E+00	0.000000000000E+00	0.000000000000E+00	0.000000000000E+00	0.000000000000E+00	0.000000000000E+00	0.000000000000E+00
2.638067038500E-03	4.492094316500E-03	5.810183630800E-03	7.278332350600E-03	9.607433277200E-03	1.907872639800E-02	0.000000000000E+00	0.000000000000E+00	0.000000000000E+00	0.000000000000E+00	0.000000000000E+00	0.000000000000E+00	0.000000000000E+00	0.000000000000E+00	0.000000000000E+00	0.000000000000E+00	0.000000000000E+00	0.000000000000E+00	0.000000000000E+00	0.000000000000E+00	0.000000000000E+00	0.000000000000E+00	0.000000000000E+00	0.000000000000E+00	0.000000000000E+00	0.000000000000E+00	0.000000000000E+00	0.000000000000E+00	0.000000000000E+00	0.000000000000E+00
4.435642624400E-03	4.492303260900E-03	5.843284467200E-03	9.448352392800E-03	1.371395709800E-02	2.028110796700E-02	3.934846587500E-02	0.000000000000E+00	0.000000000000E+00	0.000000000000E+00	0.000000000000E+00	0.000000000000E+00	0.000000000000E+00	0.000000000000E+00	0.000000000000E+00	0.000000000000E+00	0.000000000000E+00	0.000000000000E+00	0.000000000000E+00	0.000000000000E+00	0.000000000000E+00	0.000000000000E+00	0.000000000000E+00	0.000000000000E+00	0.000000000000E+00	0.000000000000E+00	0.000000000000E+00	0.000000000000E+00	0.000000000000E+00	0.000000000000E+00
1.817702788900E-03	2.757009430500E-03	3.007838450300E-03	3.523114589100E-03	7.033208713000E-03	1.132792048500E-02	2.347888593000E-02	4.176200389000E-02	0.000000000000E+00	0.000000000000E+00	0.000000000000E+00	0.000000000000E+00	0.000000000000E+00	0.000000000000E+00	0.000000000000E+00	0.000000000000E+00	0.000000000000E+00	0.000000000000E+00	0.000000000000E+00	0.000000000000E+00	0.000000000000E+00	0.000000000000E+00	0.000000000000E+00	0.000000000000E+00	0.000000000000E+00	0.000000000000E+00	0.000000000000E+00	0.000000000000E+00	0.000000000000E+00	0.000000000000E+00
3.640000000000E-05	5.200000000000E-05	5.480000000000E-05	6.930000000000E-05	1.401978669300E-04	2.340383737100E-04	5.258324905200E-04	1.477356824500E-03	3.423273307900E-03	0.000000000000E+00	0.000000000000E+00	0.000000000000E+00	0.000000000000E+00	0.000000000000E+00	0.000000000000E+00	0.000000000000E+00	0.000000000000E+00	0.000000000000E+00	0.000000000000E+00	0.000000000000E+00	0.000000000000E+00	0.000000000000E+00	0.000000000000E+00	0.000000000000E+00	0.000000000000E+00	0.000000000000E+00	0.000000000000E+00	0.000000000000E+00	0.000000000000E+00	0.000000000000E+00
5.050764630800E-04	6.412934684000E-04	8.731152915600E-04	1.022901655200E-03	2.067515573900E-03	3.219990881500E-03	7.410249485600E-03	1.860055394800E-02	3.933051222100E-02	3.744697729300E-02	0.000000000000E+00	0.000000000000E+00	0.000000000000E+00	0.000000000000E+00	0.000000000000E+00	0.000000000000E+00	0.000000000000E+00	0.000000000000E+00	0.000000000000E+00	0.000000000000E+00	0.000000000000E+00	0.000000000000E+00	0.000000000000E+00	0.000000000000E+00	0.000000000000E+00	0.000000000000E+00	0.000000000000E+00	0.000000000000E+00	0.000000000000E+00	0.000000000000E+00
3.316257005500E-04	3.831562114100E-04	6.868721527200E-04	7.751691759900E-04	1.153118979700E-03	2.311047042700E-03	5.115652063100E-03	1.473675543900E-02	2.262690527800E-02	2.366978970500E-02	4.386698072900E-02	0.000000000000E+00	0.000000000000E+00	0.000000000000E+00	0.000000000000E+00	0.000000000000E+00	0.000000000000E+00	0.000000000000E+00	0.000000000000E+00	0.000000000000E+00	0.000000000000E+00	0.000000000000E+00	0.000000000000E+00	0.000000000000E+00	0.000000000000E+00	0.000000000000E+00	0.000000000000E+00	0.000000000000E+00	0.000000000000E+00	0.000000000000E+00
3.887089289800E-04	4.930509670700E-04	7.049956516400E-04	9.082061540000E-04	1.114394121600E-03	2.916419651200E-03	5.971873720400E-03	1.718712384600E-02	2.845149573800E-02	3.713615372100E-02	5.452451422000E-02	7.785352185800E-02	0.000000000000E+00	0.000000000000E+00	0.000000000000E+00	0.000000000000E+00	0.000000000000E+00	0.000000000000E+00	0.000000000000E+00	0.000000000000E+00	0.000000000000E+00	0.000000000000E+00	0.000000000000E+00	0.000000000000E+00	0.000000000000E+00	0.000000000000E+00	0.000000000000E+00	0.000000000000E+00	0.000000000000E+00	0.000000000000E+00
1.734511144300E-04	2.300108725200E-04	2.971507674000E-04	4.269531115700E-04	6.886453183700E-04	1.056935797300E-03	2.820465694400E-03	8.189695720900E-03	1.354584729600E-02	1.786646630100E-02	2.992585686200E-02	5.161215965500E-02	9.431202267200E-02	0.000000000000E+00	0.000000000000E+00	0.000000000000E+00	0.000000000000E+00	0.000000000000E+00	0.000000000000E+00	0.000000000000E+00	0.000000000000E+00	0.000000000000E+00	0.000000000000E+00	0.000000000000E+00	0.000000000000E+00	0.000000000000E+00	0.000000000000E+00	0.000000000000E+00	0.000000000000E+00	0.000000000000E+00
8.030000000000E-05	1.052987063300E-04	1.341991573100E-04	2.007725113800E-04	2.917574449800E-04	6.122675429200E-04	1.340814069500E-03	3.895397487700E-03	6.435750326200E-03	8.498443658700E-03	1.424708983000E-02	3.096187350600E-02	8.202735874700E-02	1.277931484100E-01	0.000000000000E+00	0.000000000000E+00	0.000000000000E+00	0.000000000000E+00	0.000000000000E+00	0.000000000000E+00	0.000000000000E+00	0.000000000000E+00	0.000000000000E+00	0.000000000000E+00	0.000000000000E+00	0.000000000000E+00	0.000000000000E+00	0.000000000000E+00	0.000000000000E+00	0.000000000000E+00
3.780000000000E-05	4.930000000000E-05	6.160000000000E-05	9.880000000000E-05	1.414162260700E-04	2.892127298000E-04	6.320636382300E-04	1.837050807900E-03	3.033756823900E-03	4.005562556600E-03	6.707596536300E-03	1.458703067800E-02	3.938695904900E-02	9.627017504900E-02	1.207296039300E-01	0.000000000000E+00	0.000000000000E+00	0.000000000000E+00	0.000000000000E+00	0.000000000000E+00	0.000000000000E+00	0.000000000000E+00	0.000000000000E+00	0.000000000000E+00	0.000000000000E+00	0.000000000000E+00	0.000000000000E+00	0.000000000000E+00	0.000000000000E+00	0.000000000000E+00
2.720000000000E-05	3.600000000000E-05	4.560000000000E-05	6.900000000000E-05	1.043356031400E-04	1.758412755500E-04	4.445869803700E-04	1.289332178700E-03	2.136177653900E-03	2.810412640900E-03	4.699865986500E-03	1.020879614800E-02	2.755153015500E-02	7.806139516000E-02	1.972732459000E-01	2.598223616000E-01	0.000000000000E+00	0.000000000000E+00	0.000000000000E+00	0.000000000000E+00	0.000000000000E+00	0.000000000000E+00	0.000000000000E+00	0.000000000000E+00	0.000000000000E+00	0.000000000000E+00	0.000000000000E+00	0.000000000000E+00	0.000000000000E+00	0.000000000000E+00
6.670000000000E-06	8.730000000000E-06	1.150000000000E-05	1.610000000000E-05	2.570000000000E-05	4.280000000000E-05	1.013305347700E-04	2.923947255100E-04	4.786876281700E-04	6.329974879100E-04	1.057362260800E-03	2.288443733200E-03	6.165243939700E-03	1.744649541100E-02	4.637737518400E-02	2.004216330300E-01	3.466506284600E-01	0.000000000000E+00	0.000000000000E+00	0.000000000000E+00	0.000000000000E+00	0.000000000000E+00	0.000000000000E+00	0.000000000000E+00	0.000000000000E+00	0.000000000000E+00	0.000000000000E+00	0.000000000000E+00	0.000000000000E+00	0.000000000000E+00
1.850000000000E-06	2.330000000000E-06	3.000000000000E-06	4.070000000000E-06	6.460000000000E-06	1.100000000000E-05	2.420000000000E-05	6.780000000000E-05	1.109862133800E-04	1.449026162800E-04	2.405132693200E-04	5.168074271100E-04	1.383428847500E-03	3.894480086400E-03	1.033017599200E-02	4.558068292400E-02	2.673518443100E-01	3.984921127200E-01	0.000000000000E+00	0.000000000000E+00	0.000000000000E+00	0.000000000000E+00	0.000000000000E+00	0.000000000000E+00	0.000000000000E+00	0.000000000000E+00	0.000000000000E+00	0.000000000000E+00	0.000000000000E+00	0.000000000000E+00
6.140000000000E-07	7.590000000000E-07	9.360000000000E-07	1.260000000000E-06	1.900000000000E-06	3.140000000000E-06	6.410000000000E-06	1.690000000000E-05	2.720000000000E-05	3.510000000000E-05	5.710000000000E-05	1.202558315100E-04	3.170880917400E-04	8.839677648300E-04	2.328714551800E-03	1.021493385400E-02	6.084448286300E-02	3.089852220200E-01	4.237577097000E-01	0.000000000000E+00	0.000000000000E+00	0.000000000000E+00	0.000000000000E+00	0.000000000000E+00	0.000000000000E+00	0.000000000000E+00	0.000000000000E+00	0.000000000000E+00	0.000000000000E+00	0.000000000000E+00
2.690000000000E-07	3.120000000000E-07	3.690000000000E-07	4.870000000000E-07	6.980000000000E-07	1.070000000000E-06	2.010000000000E-06	4.830000000000E-06	7.410000000000E-06	9.400000000000E-06	1.470000000000E-05	2.980000000000E-05	7.540000000000E-05	2.051262331900E-04	5.321814008500E-04	2.299557663400E-03	1.358120633600E-02	6.996713841500E-02	3.270644979500E-01	4.321667433300E-01	0.000000000000E+00	0.000000000000E+00	0.000000000000E+00	0.000000000000E+00	0.000000000000E+00	0.000000000000E+00	0.000000000000E+00	0.000000000000E+00	0.000000000000E+00	0.000000000000E+00
1.390000000000E-07	1.630000000000E-07	1.890000000000E-07	2.380000000000E-07	3.210000000000E-07	4.730000000000E-07	8.170000000000E-07	1.720000000000E-06	2.450000000000E-06	3.070000000000E-06	4.590000000000E-06	8.560000000000E-06	2.010000000000E-05	5.120000000000E-05	1.278925058600E-04	5.317254187000E-04	3.083352217500E-03	1.575163999700E-02	7.467777180900E-02	3.372808847000E-01	4.364520447800E-01	7.630000000000E-09	0.000000000000E+00	0.000000000000E+00	0.000000000000E+00	0.000000000000E+00	0.000000000000E+00	0.000000000000E+00	0.000000000000E+00	0.000000000000E+00
7.630000000000E-08	8.620000000000E-08	1.050000000000E-07	1.300000000000E-07	1.760000000000E-07	2.470000000000E-07	3.990000000000E-07	7.730000000000E-07	1.100000000000E-06	1.260000000000E-06	1.780000000000E-06	3.060000000000E-06	6.390000000000E-06	1.460000000000E-05	3.370000000000E-05	1.289089567700E-04	7.092679243700E-04	3.552730511400E-03	1.672246596000E-02	7.650679553100E-02	3.389423965000E-01	4.377553064700E-01	5.120000000000E-08	0.000000000000E+00	0.000000000000E+00	0.000000000000E+00	0.000000000000E+00	0.000000000000E+00	0.000000000000E+00	0.000000000000E+00
4.700000000000E-08	4.870000000000E-08	5.970000000000E-08	7.890000000000E-08	9.930000000000E-08	1.370000000000E-07	2.260000000000E-07	4.030000000000E-07	5.800000000000E-07	6.570000000000E-07	8.700000000000E-07	1.380000000000E-06	2.550000000000E-06	5.220000000000E-06	1.070000000000E-05	3.500000000000E-05	1.722584204300E-04	8.196450051300E-04	3.775714502200E-03	1.714040387100E-02	7.696752342400E-02	3.401823465900E-01	4.385886110800E-01	2.860000000000E-07	0.000000000000E+00	0.000000000000E+00	0.000000000000E+00	0.000000000000E+00	0.000000000000E+00	0.000000000000E+00
2.720000000000E-08	2.820000000000E-08	3.760000000000E-08	4.690000000000E-08	6.200000000000E-08	7.920000000000E-08	1.340000000000E-07	2.310000000000E-07	3.110000000000E-07	3.560000000000E-07	4.760000000000E-07	7.270000000000E-07	1.260000000000E-06	2.310000000000E-06	4.340000000000E-06	1.150000000000E-05	4.660000000000E-05	1.979537592200E-04	8.689745610500E-04	3.865129681400E-03	1.721362992900E-02	7.711646178600E-02	3.402141291100E-01	4.388332977000E-01	1.840000000000E-06	0.000000000000E+00	0.000000000000E+00	0.000000000000E+00	0.000000000000E+00	0.000000000000E+00
1.880000000000E-08	2.000000000000E-08	1.900000000000E-08	2.430000000000E-08	3.830000000000E-08	4.650000000000E-08	7.690000000000E-08	1.430000000000E-07	2.560000000000E-07	2.150000000000E-07	2.800000000000E-07	4.260000000000E-07	7.170000000000E-07	1.200000000000E-06	2.160000000000E-06	4.870000000000E-06	1.540000000000E-05	5.380000000000E-05	2.103446461700E-04	8.903451514300E-04	3.887451878100E-03	1.728033063200E-02	7.721761895300E-02	3.401852467500E-01	4.395563232300E-01	1.800000000000E-05	0.000000000000E+00	0.000000000000E+00	0.000000000000E+00	0.000000000000E+00
8.090000000000E-09	9.720000000000E-09	1.890000000000E-08	1.450000000000E-08	2.240000000000E-08	3.040000000000E-08	4.490000000000E-08	8.550000000000E-08	7.660000000000E-08	1.300000000000E-07	1.830000000000E-07	2.580000000000E-07	4.140000000000E-07	7.110000000000E-07	1.160000000000E-06	2.480000000000E-06	6.540000000000E-06	1.780000000000E-05	5.690000000000E-05	2.160436026600E-04	8.948381252100E-04	3.894739716200E-03	1.728937137000E-02	7.717582236800E-02	3.396797276400E-01	4.472239777800E-01	1.548034767100E-04	0.000000000000E+00	0.000000000000E+00	0.000000000000E+00
4.420000000000E-10	3.050000000000E-09	2.810000000000E-09	7.120000000000E-09	8.460000000000E-09	2.010000000000E-08	2.820000000000E-08	5.330000000000E-08	2.810000000000E-08	7.100000000000E-08	9.480000000000E-08	1.580000000000E-07	2.650000000000E-07	4.100000000000E-07	7.130000000000E-07	1.400000000000E-06	3.300000000000E-06	7.520000000000E-06	1.880000000000E-05	5.810000000000E-05	2.147975579800E-04	8.903479034000E-04	3.862766326600E-03	1.711802316500E-02	7.633624546800E-02	3.319673072400E-01	4.811871850000E-01	9.608337038400E-04	0.000000000000E+00	0.000000000000E+00
0.000000000000E+00	0.000000000000E+00	0.000000000000E+00	0.000000000000E+00	0.000000000000E+00	9.430000000000E-10	4.000000000000E-09	2.530000000000E-08	3.800000000000E-08	4.040000000000E-08	5.850000000000E-08	1.010000000000E-07	1.510000000000E-07	2.570000000000E-07	4.080000000000E-07	8.620000000000E-07	1.890000000000E-06	3.770000000000E-06	7.900000000000E-06	1.910000000000E-05	5.750000000000E-05	2.144946214800E-04	8.776148864200E-04	3.812874806300E-03	1.688174375800E-02	7.251291701500E-02	2.923342974600E-01	5.438839602500E-01	4.752532200200E-03	6.430000000000E-08
0.000000000000E+00	0.000000000000E+00	0.000000000000E+00	0.000000000000E+00	0.000000000000E+00	0.000000000000E+00	0.000000000000E+00	4.840000000000E-10	0.000000000000E+00	1.090000000000E-08	1.390000000000E-08	3.900000000000E-08	8.250000000000E-08	1.360000000000E-07	2.560000000000E-07	4.720000000000E-07	1.050000000000E-06	2.140000000000E-06	4.090000000000E-06	7.740000000000E-06	1.850000000000E-05	5.550000000000E-05	2.013450088100E-04	8.259285250800E-04	3.564275116500E-03	1.391913395900E-02	4.523628864500E-02	2.112567267600E-01	6.255744812100E-01	5.441572327000E-03
0.000000000000E+00	0.000000000000E+00	0.000000000000E+00	0.000000000000E+00	0.000000000000E+00	0.000000000000E+00	0.000000000000E+00	0.000000000000E+00	0.000000000000E+00	0.000000000000E+00	0.000000000000E+00	5.490000000000E-09	1.770000000000E-08	5.460000000000E-08	1.600000000000E-07	3.350000000000E-07	8.410000000000E-07	1.640000000000E-06	3.080000000000E-06	5.370000000000E-06	1.010000000000E-05	2.180000000000E-05	6.120000000000E-05	2.114874071100E-04	8.263004311700E-04	2.624904137800E-03	3.411376085700E-03	1.021416400600E-02	1.112594328700E-01	6.203429486800E-01


2 2 2
2 2 2
2 2 2

2 2 2
2 2 2
2 2 2





0 0 0
0 0 0
0 0 0

0 0 0
0 0 0
0 0 0

0 0 0
0 0 0
0 0 0

0 0 0
0 0 0
0 0 0

0 0 0
0 0 0
0 0 0

0 0 0
0 0 0
0 0 0

0 0 0
0 0 0
0 0 0

0 0 0
0 0 0
0 0 0

0 0 0
0 0 0
0 0 0

0 0 0
0 0 0
0 0 0

0 0 0
0 0 0
0 0 0

0 0 0
0 0 0
0 0 0

0 0 0
0 0 0
0 0 0

0 0 0
0 0 0
0 0 0

0 0 0
0 0 0
0 0 0

0 0 0
0 0 0
0 0 0

0 0 0
0 0 0
0 0 0

0 0 0
0 0 0
0 0 0

0 0 0
0 0 0
0 0 0

0 0 0
0 0 0
0 0 0

0 0 0
0 0 0
0 0 0

0 0 0
0 0 0
0 0 0

0 0 0
0 0 0
0 0 0

0 0 0
0 0 0
0 0 0

0 0 0
0 0 0
0 0 0

0 0 0
0 0 0
0 0 0

0 0 0
0 0 0
0 0 0

0 0 0
0 0 0
0 0 0

0 0 0
0 0 0
0 0 0

0 0 0
0 0 0
0 0 0