1
1

30
1

0
0
0
0

1

1

1

0.09336110292803924 0.09879783723951586 0.10135247629124758 0.1060572674226889 0.10995195497217593 0.12069864624647896 0.1631129034978853 0.2094580330094419 0.21494192176162105 0.24817782368643418 0.2906514255267066 0.39379669858305205 0.45065706268873335 0.6532544985990435 0.6968346235876413 0.906214739303202 1.1694258939340028 1.3278296710406805 1.411490271907792 1.5052867516939874 1.4428961129667925 1.4469847481306346 1.448805008119858 1.4499404192844543 1.4513807855022547 1.4543761850433743 1.4614989500773454 1.4796055260362129 1.5357361697567384 2.0144372834422373

2.550097466594203e-02 1.028757532182888e-02 5.178494204696218e-03 5.708587616547251e-03 8.527573465085505e-03 6.245232722975505e-03 1.035973427721717e-02 7.217134558061014e-03 1.653391491722739e-04 2.372800132913864e-03 1.771235235584502e-03 2.213592568269352e-03 1.234820465792912e-03 6.879540873905414e-04 3.914090627904588e-04 3.556076399280841e-04 1.143071690388456e-04 4.030286357837513e-05 1.319193025282618e-05 4.886304922006348e-06 9.761679478103043e-07 9.772609844012697e-07 0.000000000000000e+00 4.886304922006348e-07 0.000000000000000e+00 0.000000000000000e+00 0.000000000000000e+00 0.000000000000000e+00 0.000000000000000e+00 0.000000000000000e+00 
0.000000000000000e+00 2.377435057988369e-02 1.309572107740922e-02 8.495223987098590e-03 7.985424717665356e-03 8.867656122415449e-03 1.083368301380209e-02 8.038552678492888e-03 2.010207004104652e-04 2.973575263465813e-03 2.190585821189037e-03 2.615208405914204e-03 1.440454613789855e-03 7.995060672877123e-04 4.521824030011102e-04 4.006354471078420e-04 1.465138093825004e-04 4.296769302774755e-05 1.603358041028372e-05 6.092635292368362e-06 2.244655107714660e-06 9.619950461634258e-07 9.619950461634258e-07 9.619950461634258e-07 0.000000000000000e+00 0.000000000000000e+00 0.000000000000000e+00 0.000000000000000e+00 0.000000000000000e+00 0.000000000000000e+00 
0.000000000000000e+00 0.000000000000000e+00 2.224678741516679e-02 1.751115672915441e-02 9.907941279329814e-03 8.344746988554438e-03 1.549307952203213e-02 8.109044649447920e-03 2.027295175092895e-04 2.972746793985936e-03 2.300337511218970e-03 3.222122840628043e-03 1.814462869502013e-03 9.895409403470389e-04 5.602439764451532e-04 5.236360986137896e-04 1.821989939517265e-04 6.436325248958734e-05 2.219536976766639e-05 1.078060817286653e-05 3.804920531599950e-06 1.902460265799975e-06 3.170767109666625e-07 0.000000000000000e+00 0.000000000000000e+00 0.000000000000000e+00 0.000000000000000e+00 0.000000000000000e+00 0.000000000000000e+00 0.000000000000000e+00 
0.000000000000000e+00 0.000000000000000e+00 0.000000000000000e+00 2.378872044515684e-02 2.166786277347534e-02 9.207034652090310e-03 1.729626150455990e-02 1.156257681902305e-02 2.318421288372146e-04 3.321737338967050e-03 2.465858284891910e-03 3.432545368191424e-03 2.086152453834393e-03 1.229807881867179e-03 6.990086935370044e-04 6.617835490340699e-04 2.293487185695966e-04 7.790790267798291e-05 3.348692275136089e-05 1.116092229312800e-05 3.952826645482830e-06 1.395115286640999e-06 6.975576433204995e-07 0.000000000000000e+00 0.000000000000000e+00 0.000000000000000e+00 0.000000000000000e+00 0.000000000000000e+00 0.000000000000000e+00 0.000000000000000e+00 
0.000000000000000e+00 0.000000000000000e+00 0.000000000000000e+00 0.000000000000000e+00 2.377696841786547e-02 2.196983447563911e-02 1.922639798713251e-02 1.455980868867493e-02 3.935214776855206e-04 6.396246071845181e-03 5.011810944925927e-03 5.898003462020161e-03 2.976481621738107e-03 1.731070416216895e-03 9.896543518261309e-04 9.011856657360504e-04 3.409431726940909e-04 1.269681867509962e-04 4.133861414359203e-05 1.791339946222321e-05 7.874021741636577e-06 3.149608696654629e-06 5.905516306227431e-07 5.905516306227431e-07 0.000000000000000e+00 0.000000000000000e+00 0.000000000000000e+00 0.000000000000000e+00 0.000000000000000e+00 0.000000000000000e+00 
0.000000000000000e+00 0.000000000000000e+00 0.000000000000000e+00 0.000000000000000e+00 0.000000000000000e+00 2.751763311210286e-02 4.069738216753118e-02 1.755553370146969e-02 4.275186035796063e-04 6.478728910298302e-03 5.187583158093914e-03 8.096173775428211e-03 5.004911930154654e-03 2.860436764957264e-03 1.681957409870503e-03 1.550983491585329e-03 5.421309984151370e-04 1.910662658208131e-04 7.080587818821054e-05 2.437524562053573e-05 1.183903566199032e-05 5.107034991446802e-06 1.624965679096710e-06 2.321379541566729e-07 2.321379541566729e-07 0.000000000000000e+00 0.000000000000000e+00 0.000000000000000e+00 0.000000000000000e+00 0.000000000000000e+00 
0.000000000000000e+00 0.000000000000000e+00 0.000000000000000e+00 0.000000000000000e+00 0.000000000000000e+00 0.000000000000000e+00 6.474248965157507e-02 4.378090464201670e-02 7.568566935296202e-04 1.148039834266102e-02 8.983839479513431e-03 1.248993394589076e-02 7.706710364797901e-03 4.612595685431197e-03 2.817086843283333e-03 2.722568464090037e-03 1.001496556567216e-03 3.711444489455017e-04 1.334361834312104e-04 5.066414085690963e-05 1.929375279193002e-05 6.627625004861452e-06 1.472805556635877e-06 1.325525000972290e-06 4.418416669907632e-07 1.472805556635878e-07 0.000000000000000e+00 0.000000000000000e+00 0.000000000000000e+00 0.000000000000000e+00 
0.000000000000000e+00 0.000000000000000e+00 0.000000000000000e+00 0.000000000000000e+00 0.000000000000000e+00 0.000000000000000e+00 0.000000000000000e+00 8.083077858127063e-02 2.817052936760436e-03 3.339125216452525e-02 2.049006408200107e-02 2.805116884215033e-02 1.715677961204230e-02 1.050971993753237e-02 6.331428279668524e-03 6.168279689695832e-03 2.276958207168684e-03 7.984502436281465e-04 3.028050810844114e-04 1.169883116449383e-04 3.953121336887281e-05 1.685594884764120e-05 4.414653269620312e-06 1.404662403970099e-06 6.019981731300426e-07 4.013321154200283e-07 0.000000000000000e+00 0.000000000000000e+00 0.000000000000000e+00 0.000000000000000e+00 
0.000000000000000e+00 0.000000000000000e+00 0.000000000000000e+00 0.000000000000000e+00 0.000000000000000e+00 0.000000000000000e+00 0.000000000000000e+00 0.000000000000000e+00 3.882621842708078e-03 7.342185637105204e-02 3.328648683259549e-02 4.066648614589952e-02 2.517944605687855e-02 1.476671264302000e-02 9.628376861546372e-03 8.906161258868473e-03 3.248533066954828e-03 1.184538466757161e-03 4.321964676005856e-04 1.040472977556965e-04 8.003638288899730e-05 1.600727657779946e-05 0.000000000000000e+00 8.003638288899729e-06 0.000000000000000e+00 0.000000000000000e+00 0.000000000000000e+00 0.000000000000000e+00 0.000000000000000e+00 0.000000000000000e+00 
0.000000000000000e+00 0.000000000000000e+00 0.000000000000000e+00 0.000000000000000e+00 0.000000000000000e+00 0.000000000000000e+00 0.000000000000000e+00 0.000000000000000e+00 0.000000000000000e+00 5.402644859285086e-02 6.421064295625556e-02 5.120966568022656e-02 3.089516530311174e-02 1.889111471783586e-02 1.143657911348652e-02 1.109328239213199e-02 4.052667500108275e-03 1.463989485042995e-03 5.097396863642054e-04 1.925332561499476e-04 7.417264786104542e-05 3.314097032089264e-05 1.578141443852030e-05 4.208377183605411e-06 1.052094295901353e-06 5.260471479506764e-07 5.260471479506764e-07 0.000000000000000e+00 0.000000000000000e+00 0.000000000000000e+00 
0.000000000000000e+00 0.000000000000000e+00 0.000000000000000e+00 0.000000000000000e+00 0.000000000000000e+00 0.000000000000000e+00 0.000000000000000e+00 0.000000000000000e+00 0.000000000000000e+00 0.000000000000000e+00 6.546309408195834e-02 1.090218331134389e-01 4.545861345746631e-02 2.794929371889833e-02 1.687501613333499e-02 1.635970852974089e-02 5.982231525232760e-03 2.181497306271940e-03 8.403480557772800e-04 2.914748144223874e-04 1.028376693891096e-04 4.381249820127747e-05 1.582117990601686e-05 5.476562275159680e-06 1.825520758386560e-06 0.000000000000000e+00 6.085069194621867e-07 0.000000000000000e+00 0.000000000000000e+00 0.000000000000000e+00 
0.000000000000000e+00 0.000000000000000e+00 0.000000000000000e+00 0.000000000000000e+00 0.000000000000000e+00 0.000000000000000e+00 0.000000000000000e+00 0.000000000000000e+00 0.000000000000000e+00 0.000000000000000e+00 0.000000000000000e+00 1.525845388886779e-01 1.144670914140154e-01 4.998236134175572e-02 3.024041450417035e-02 2.935945154648192e-02 1.089860675547886e-02 3.952992094502600e-03 1.435792129094509e-03 5.270126996786920e-04 2.115194043138125e-04 7.341667879560096e-05 3.135090608028367e-05 7.936938248173073e-06 1.984234562043268e-06 1.587387649634615e-06 3.968469124086538e-07 0.000000000000000e+00 0.000000000000000e+00 0.000000000000000e+00 
0.000000000000000e+00 0.000000000000000e+00 0.000000000000000e+00 0.000000000000000e+00 0.000000000000000e+00 0.000000000000000e+00 0.000000000000000e+00 0.000000000000000e+00 0.000000000000000e+00 0.000000000000000e+00 0.000000000000000e+00 0.000000000000000e+00 1.620253774335614e-01 1.260076277375394e-01 6.384119029529611e-02 6.245149834391968e-02 2.297063701759069e-02 8.425287318910504e-03 3.063917356511097e-03 1.154308535136785e-03 4.354141110251037e-04 1.514483864435144e-04 5.388067594625031e-05 2.232892877051814e-05 9.708229900225275e-06 4.854114950112638e-06 1.456234485033792e-06 4.854114950112638e-07 0.000000000000000e+00 0.000000000000000e+00 
0.000000000000000e+00 0.000000000000000e+00 0.000000000000000e+00 0.000000000000000e+00 0.000000000000000e+00 0.000000000000000e+00 0.000000000000000e+00 0.000000000000000e+00 0.000000000000000e+00 0.000000000000000e+00 0.000000000000000e+00 0.000000000000000e+00 0.000000000000000e+00 2.589821240558569e-01 1.781951002082185e-01 1.363235760377135e-01 5.022524350771008e-02 1.864967123419823e-02 6.859071842839824e-03 2.556106512628672e-03 9.404016318295441e-04 3.118394135221116e-04 1.283634274900862e-04 3.488136616578431e-05 1.674305575957646e-05 5.581018586525486e-06 2.092881969947057e-06 6.976273233156857e-07 0.000000000000000e+00 0.000000000000000e+00 
0.000000000000000e+00 0.000000000000000e+00 0.000000000000000e+00 0.000000000000000e+00 0.000000000000000e+00 0.000000000000000e+00 0.000000000000000e+00 0.000000000000000e+00 0.000000000000000e+00 0.000000000000000e+00 0.000000000000000e+00 0.000000000000000e+00 0.000000000000000e+00 0.000000000000000e+00 2.156647171489094e-01 3.153601720223079e-01 1.048089491356500e-01 3.837528909177895e-02 1.425022229559436e-02 5.300261295824424e-03 1.935289937576782e-03 7.247630617764145e-04 2.519414452841823e-04 8.714413004692610e-05 4.486628477663521e-05 1.725626337562892e-05 8.628131687814460e-07 8.628131687814460e-07 1.725626337562892e-06 0.000000000000000e+00 
0.000000000000000e+00 0.000000000000000e+00 0.000000000000000e+00 0.000000000000000e+00 0.000000000000000e+00 0.000000000000000e+00 0.000000000000000e+00 0.000000000000000e+00 0.000000000000000e+00 0.000000000000000e+00 0.000000000000000e+00 0.000000000000000e+00 0.000000000000000e+00 0.000000000000000e+00 0.000000000000000e+00 4.022060516008578e-01 3.250418074072615e-01 1.131203718982658e-01 4.146285445514034e-02 1.530488139961879e-02 5.731081424454741e-03 2.119640404290730e-03 7.664852190322949e-04 2.694201599284134e-04 1.168496423959186e-04 4.298613787621878e-05 1.392508691764833e-05 4.238069931458188e-06 3.027192808184419e-06 1.210877123273768e-06 
0.000000000000000e+00 0.000000000000000e+00 0.000000000000000e+00 0.000000000000000e+00 0.000000000000000e+00 0.000000000000000e+00 0.000000000000000e+00 0.000000000000000e+00 0.000000000000000e+00 0.000000000000000e+00 0.000000000000000e+00 0.000000000000000e+00 0.000000000000000e+00 0.000000000000000e+00 0.000000000000000e+00 0.000000000000000e+00 5.034548412467509e-01 4.272171262731635e-01 1.508292641962976e-01 5.565846619771956e-02 2.043443127433522e-02 7.423713736289173e-03 2.779862965721020e-03 1.029119652786997e-03 3.496527013083532e-04 1.578810069737482e-04 5.124933210666172e-05 1.322563409204173e-05 4.133010653763040e-06 2.479806392257824e-06 
0.000000000000000e+00 0.000000000000000e+00 0.000000000000000e+00 0.000000000000000e+00 0.000000000000000e+00 0.000000000000000e+00 0.000000000000000e+00 0.000000000000000e+00 0.000000000000000e+00 0.000000000000000e+00 0.000000000000000e+00 0.000000000000000e+00 0.000000000000000e+00 0.000000000000000e+00 0.000000000000000e+00 0.000000000000000e+00 0.000000000000000e+00 5.621473660844598e-01 4.899918444967838e-01 1.740094152687880e-01 6.415862688387436e-02 2.360486522124842e-02 8.919489380435111e-03 3.211566338213722e-03 1.110146822325330e-03 4.204803893409216e-04 1.463821916163489e-04 4.519181754598693e-05 2.456077040542767e-05 9.824308162171067e-06 
0.000000000000000e+00 0.000000000000000e+00 0.000000000000000e+00 0.000000000000000e+00 0.000000000000000e+00 0.000000000000000e+00 0.000000000000000e+00 0.000000000000000e+00 0.000000000000000e+00 0.000000000000000e+00 0.000000000000000e+00 0.000000000000000e+00 0.000000000000000e+00 0.000000000000000e+00 0.000000000000000e+00 0.000000000000000e+00 0.000000000000000e+00 0.000000000000000e+00 5.970437700030772e-01 5.220187464783042e-01 1.848941903606516e-01 6.785242514372025e-02 2.527879758649329e-02 9.059042915415094e-03 3.293023440386100e-03 1.270934863756857e-03 4.756589413891032e-04 1.549658089593458e-04 5.703602690864814e-05 3.551299788651677e-05 
0.000000000000000e+00 0.000000000000000e+00 0.000000000000000e+00 0.000000000000000e+00 0.000000000000000e+00 0.000000000000000e+00 0.000000000000000e+00 0.000000000000000e+00 0.000000000000000e+00 0.000000000000000e+00 0.000000000000000e+00 0.000000000000000e+00 0.000000000000000e+00 0.000000000000000e+00 0.000000000000000e+00 0.000000000000000e+00 0.000000000000000e+00 0.000000000000000e+00 0.000000000000000e+00 6.705315296823272e-01 5.345127442244261e-01 1.898319224630969e-01 6.978611431431686e-02 2.553420724611704e-02 9.226589319231772e-03 3.665992301184593e-03 1.283040783794175e-03 4.544338282689504e-04 1.797387529720476e-04 1.153041056801815e-04 
0.000000000000000e+00 0.000000000000000e+00 0.000000000000000e+00 0.000000000000000e+00 0.000000000000000e+00 0.000000000000000e+00 0.000000000000000e+00 0.000000000000000e+00 0.000000000000000e+00 0.000000000000000e+00 0.000000000000000e+00 0.000000000000000e+00 0.000000000000000e+00 0.000000000000000e+00 0.000000000000000e+00 0.000000000000000e+00 0.000000000000000e+00 0.000000000000000e+00 0.000000000000000e+00 0.000000000000000e+00 6.040184331796198e-01 5.372043598324757e-01 1.907819765832633e-01 7.008688081120804e-02 2.580546769280564e-02 9.495619352062432e-03 3.406531583391827e-03 1.208957307315990e-03 4.884793748943103e-04 2.494858859842064e-04 
0.000000000000000e+00 0.000000000000000e+00 0.000000000000000e+00 0.000000000000000e+00 0.000000000000000e+00 0.000000000000000e+00 0.000000000000000e+00 0.000000000000000e+00 0.000000000000000e+00 0.000000000000000e+00 0.000000000000000e+00 0.000000000000000e+00 0.000000000000000e+00 0.000000000000000e+00 0.000000000000000e+00 0.000000000000000e+00 0.000000000000000e+00 0.000000000000000e+00 0.000000000000000e+00 0.000000000000000e+00 0.000000000000000e+00 6.055956637898566e-01 5.385411691800858e-01 1.916048947090952e-01 7.004671457069767e-02 2.583251601047436e-02 9.652843349665803e-03 3.547215930086040e-03 1.256405642354561e-03 6.624029747657287e-04 
0.000000000000000e+00 0.000000000000000e+00 0.000000000000000e+00 0.000000000000000e+00 0.000000000000000e+00 0.000000000000000e+00 0.000000000000000e+00 0.000000000000000e+00 0.000000000000000e+00 0.000000000000000e+00 0.000000000000000e+00 0.000000000000000e+00 0.000000000000000e+00 0.000000000000000e+00 0.000000000000000e+00 0.000000000000000e+00 0.000000000000000e+00 0.000000000000000e+00 0.000000000000000e+00 0.000000000000000e+00 0.000000000000000e+00 0.000000000000000e+00 6.059216430198942e-01 5.396382436021583e-01 1.917235532549572e-01 7.035461714145164e-02 2.576352385168688e-02 9.605902774529520e-03 3.555415552572657e-03 1.841131365118158e-03 
0.000000000000000e+00 0.000000000000000e+00 0.000000000000000e+00 0.000000000000000e+00 0.000000000000000e+00 0.000000000000000e+00 0.000000000000000e+00 0.000000000000000e+00 0.000000000000000e+00 0.000000000000000e+00 0.000000000000000e+00 0.000000000000000e+00 0.000000000000000e+00 0.000000000000000e+00 0.000000000000000e+00 0.000000000000000e+00 0.000000000000000e+00 0.000000000000000e+00 0.000000000000000e+00 0.000000000000000e+00 0.000000000000000e+00 0.000000000000000e+00 0.000000000000000e+00 6.068214175279359e-01 5.396210229172255e-01 1.915460750788123e-01 7.036449387697154e-02 2.597642147111726e-02 9.754107099430812e-03 5.194778965530306e-03 
0.000000000000000e+00 0.000000000000000e+00 0.000000000000000e+00 0.000000000000000e+00 0.000000000000000e+00 0.000000000000000e+00 0.000000000000000e+00 0.000000000000000e+00 0.000000000000000e+00 0.000000000000000e+00 0.000000000000000e+00 0.000000000000000e+00 0.000000000000000e+00 0.000000000000000e+00 0.000000000000000e+00 0.000000000000000e+00 0.000000000000000e+00 0.000000000000000e+00 0.000000000000000e+00 0.000000000000000e+00 0.000000000000000e+00 0.000000000000000e+00 0.000000000000000e+00 6.474473106656721e-06 6.087183147514817e-01 5.394468865730202e-01 1.917497784123833e-01 7.059894964960621e-02 2.610119088217591e-02 1.366890762277367e-02 
0.000000000000000e+00 0.000000000000000e+00 0.000000000000000e+00 0.000000000000000e+00 0.000000000000000e+00 0.000000000000000e+00 0.000000000000000e+00 0.000000000000000e+00 0.000000000000000e+00 0.000000000000000e+00 0.000000000000000e+00 0.000000000000000e+00 0.000000000000000e+00 0.000000000000000e+00 0.000000000000000e+00 0.000000000000000e+00 0.000000000000000e+00 0.000000000000000e+00 0.000000000000000e+00 0.000000000000000e+00 0.000000000000000e+00 0.000000000000000e+00 0.000000000000000e+00 0.000000000000000e+00 1.719826114507600e-05 6.137335246303667e-01 5.381023356354699e-01 1.925077439944135e-01 7.059680462637993e-02 3.762350221451966e-02 
0.000000000000000e+00 0.000000000000000e+00 0.000000000000000e+00 0.000000000000000e+00 0.000000000000000e+00 0.000000000000000e+00 0.000000000000000e+00 0.000000000000000e+00 0.000000000000000e+00 0.000000000000000e+00 0.000000000000000e+00 0.000000000000000e+00 0.000000000000000e+00 0.000000000000000e+00 0.000000000000000e+00 0.000000000000000e+00 0.000000000000000e+00 0.000000000000000e+00 0.000000000000000e+00 0.000000000000000e+00 0.000000000000000e+00 0.000000000000000e+00 0.000000000000000e+00 0.000000000000000e+00 0.000000000000000e+00 1.426396993626015e-04 6.228456022626937e-01 5.410097735309852e-01 1.928771072987907e-01 1.016642613736595e-01 
0.000000000000000e+00 0.000000000000000e+00 0.000000000000000e+00 0.000000000000000e+00 0.000000000000000e+00 0.000000000000000e+00 0.000000000000000e+00 0.000000000000000e+00 0.000000000000000e+00 0.000000000000000e+00 0.000000000000000e+00 0.000000000000000e+00 0.000000000000000e+00 0.000000000000000e+00 0.000000000000000e+00 0.000000000000000e+00 0.000000000000000e+00 0.000000000000000e+00 0.000000000000000e+00 0.000000000000000e+00 0.000000000000000e+00 0.000000000000000e+00 0.000000000000000e+00 0.000000000000000e+00 0.000000000000000e+00 0.000000000000000e+00 1.018537170337379e-03 6.551812207099693e-01 5.404873287869498e-01 2.780331086627422e-01 
0.000000000000000e+00 0.000000000000000e+00 0.000000000000000e+00 0.000000000000000e+00 0.000000000000000e+00 0.000000000000000e+00 0.000000000000000e+00 0.000000000000000e+00 0.000000000000000e+00 0.000000000000000e+00 0.000000000000000e+00 0.000000000000000e+00 0.000000000000000e+00 0.000000000000000e+00 0.000000000000000e+00 0.000000000000000e+00 0.000000000000000e+00 0.000000000000000e+00 0.000000000000000e+00 0.000000000000000e+00 0.000000000000000e+00 0.000000000000000e+00 0.000000000000000e+00 0.000000000000000e+00 0.000000000000000e+00 0.000000000000000e+00 0.000000000000000e+00 4.759278127386466e-03 6.405924587401802e-01 8.818388303596016e-01 
0.000000000000000e+00 0.000000000000000e+00 0.000000000000000e+00 0.000000000000000e+00 0.000000000000000e+00 0.000000000000000e+00 0.000000000000000e+00 0.000000000000000e+00 0.000000000000000e+00 0.000000000000000e+00 0.000000000000000e+00 0.000000000000000e+00 0.000000000000000e+00 0.000000000000000e+00 0.000000000000000e+00 0.000000000000000e+00 0.000000000000000e+00 0.000000000000000e+00 0.000000000000000e+00 0.000000000000000e+00 0.000000000000000e+00 0.000000000000000e+00 0.000000000000000e+00 0.000000000000000e+00 0.000000000000000e+00 0.000000000000000e+00 0.000000000000000e+00 6.505944946027645e-07 2.040210623148853e-02 1.971853298820736e+00





0 0 0 0 0 0 0 0 0 0 0 0 0 0 0 0 0 0 0 0 0 0 0 0 0 0 0 0 0 0
0 0 0 0 0 0 0 0 0 0 0 0 0 0 0 0 0 0 0 0 0 0 0 0 0 0 0 0 0 0
0 0 0 0 0 0 0 0 0 0 0 0 0 0 0 0 0 0 0 0 0 0 0 0 0 0 0 0 0 0
0 0 0 0 0 0 0 0 0 0 0 0 0 0 0 0 0 0 0 0 0 0 0 0 0 0 0 0 0 0
0 0 0 0 0 0 0 0 0 0 0 0 0 0 0 0 0 0 0 0 0 0 0 0 0 0 0 0 0 0
0 0 0 0 0 0 0 0 0 0 0 0 0 0 0 0 0 0 0 0 0 0 0 0 0 0 0 0 0 0
0 0 0 0 0 0 0 0 0 0 0 0 0 0 0 0 0 0 0 0 0 0 0 0 0 0 0 0 0 0
0 0 0 0 0 0 0 0 0 0 0 0 0 0 0 0 0 0 0 0 0 0 0 0 0 0 0 0 0 0
0 0 0 0 0 0 0 0 0 0 0 0 0 0 0 0 0 0 0 0 0 0 0 0 0 0 0 0 0 0
0 0 0 0 0 0 0 0 0 0 0 0 0 0 0 0 0 0 0 0 0 0 0 0 0 0 0 0 0 0
0 0 0 0 0 0 0 0 0 0 0 0 0 0 0 0 0 0 0 0 0 0 0 0 0 0 0 0 0 0
0 0 0 0 0 0 0 0 0 0 0 0 0 0 0 0 0 0 0 0 0 0 0 0 0 0 0 0 0 0
0 0 0 0 0 0 0 0 0 0 0 0 0 0 0 0 0 0 0 0 0 0 0 0 0 0 0 0 0 0
0 0 0 0 0 0 0 0 0 0 0 0 0 0 0 0 0 0 0 0 0 0 0 0 0 0 0 0 0 0
0 0 0 0 0 0 0 0 0 0 0 0 0 0 0 0 0 0 0 0 0 0 0 0 0 0 0 0 0 0
0 0 0 0 0 0 0 0 0 0 0 0 0 0 0 0 0 0 0 0 0 0 0 0 0 0 0 0 0 0
0 0 0 0 0 0 0 0 0 0 0 0 0 0 0 0 0 0 0 0 0 0 0 0 0 0 0 0 0 0
0 0 0 0 0 0 0 0 0 0 0 0 0 0 0 0 0 0 0 0 0 0 0 0 0 0 0 0 0 0
0 0 0 0 0 0 0 0 0 0 0 0 0 0 0 0 0 0 0 0 0 0 0 0 0 0 0 0 0 0
0 0 0 0 0 0 0 0 0 0 0 0 0 0 0 0 0 0 0 0 0 0 0 0 0 0 0 0 0 0
0 0 0 0 0 0 0 0 0 0 0 0 0 0 0 0 0 0 0 0 0 0 0 0 0 0 0 0 0 0
0 0 0 0 0 0 0 0 0 0 0 0 0 0 0 0 0 0 0 0 0 0 0 0 0 0 0 0 0 0
0 0 0 0 0 0 0 0 0 0 0 0 0 0 0 0 0 0 0 0 0 0 0 0 0 0 0 0 0 0
0 0 0 0 0 0 0 0 0 0 0 0 0 0 0 0 0 0 0 0 0 0 0 0 0 0 0 0 0 0
0 0 0 0 0 0 0 0 0 0 0 0 0 0 0 0 0 0 0 0 0 0 0 0 0 0 0 0 0 0
0 0 0 0 0 0 0 0 0 0 0 0 0 0 0 0 0 0 0 0 0 0 0 0 0 0 0 0 0 0
0 0 0 0 0 0 0 0 0 0 0 0 0 0 0 0 0 0 0 0 0 0 0 0 0 0 0 0 0 0
0 0 0 0 0 0 0 0 0 0 0 0 0 0 0 0 0 0 0 0 0 0 0 0 0 0 0 0 0 0
0 0 0 0 0 0 0 0 0 0 0 0 0 0 0 0 0 0 0 0 0 0 0 0 0 0 0 0 0 0
0 0 0 0 0 0 0 0 0 0 0 0 0 0 0 0 0 0 0 0 0 0 0 0 0 0 0 0 0 0 




0.1

0.1

30
29
28
27
26
25
24
23
22
21
20
19
18
17
16
15
14
13
12
11
10
9
8
7
6
5
4
3
2
1
0


2.3030979564E-02	6.0715921744E-03	2.5376011268E-03	4.3017472673E-03	5.2158346395E-03	2.6380670385E-03	4.4356426244E-03	1.8177027889E-03	3.6400000000E-05	5.0507646308E-04	3.3162570055E-04	3.8870892898E-04	1.7345111443E-04	8.0300000000E-05	3.7800000000E-05	2.7200000000E-05	6.6700000000E-06	1.8500000000E-06	6.1400000000E-07	2.6900000000E-07	1.3900000000E-07	7.6300000000E-08	4.7000000000E-08	2.7200000000E-08	1.8800000000E-08	8.0900000000E-09	4.4200000000E-10	0.0000000000E+00	0.0000000000E+00	0.0000000000E+00
0.0000000000E+00	2.1636913393E-02	7.1679031558E-03	3.9426794071E-03	6.1670557822E-03	4.4920943165E-03	4.4923032609E-03	2.7570094305E-03	5.2000000000E-05	6.4129346840E-04	3.8315621141E-04	4.9305096707E-04	2.3001087252E-04	1.0529870633E-04	4.9300000000E-05	3.6000000000E-05	8.7300000000E-06	2.3300000000E-06	7.5900000000E-07	3.1200000000E-07	1.6300000000E-07	8.6200000000E-08	4.8700000000E-08	2.8200000000E-08	2.0000000000E-08	9.7200000000E-09	3.0500000000E-09	0.0000000000E+00	0.0000000000E+00	0.0000000000E+00
0.0000000000E+00	0.0000000000E+00	2.0019520285E-02	8.1712324493E-03	6.2717390435E-03	5.8101836308E-03	5.8432844672E-03	3.0078384503E-03	5.4800000000E-05	8.7311529156E-04	6.8687215272E-04	7.0499565164E-04	2.9715076740E-04	1.3419915731E-04	6.1600000000E-05	4.5600000000E-05	1.1500000000E-05	3.0000000000E-06	9.3600000000E-07	3.6900000000E-07	1.8900000000E-07	1.0500000000E-07	5.9700000000E-08	3.7600000000E-08	1.9000000000E-08	1.8900000000E-08	2.8100000000E-09	0.0000000000E+00	0.0000000000E+00	0.0000000000E+00
0.0000000000E+00	0.0000000000E+00	0.0000000000E+00	1.9591909469E-02	6.9687149633E-03	7.2783323506E-03	9.4483523928E-03	3.5231145891E-03	6.9300000000E-05	1.0229016552E-03	7.7516917599E-04	9.0820615400E-04	4.2695311157E-04	2.0077251138E-04	9.8800000000E-05	6.9000000000E-05	1.6100000000E-05	4.0700000000E-06	1.2600000000E-06	4.8700000000E-07	2.3800000000E-07	1.3000000000E-07	7.8900000000E-08	4.6900000000E-08	2.4300000000E-08	1.4500000000E-08	7.1200000000E-09	0.0000000000E+00	0.0000000000E+00	0.0000000000E+00
0.0000000000E+00	0.0000000000E+00	0.0000000000E+00	0.0000000000E+00	1.7280664125E-02	9.6074332772E-03	1.3713957098E-02	7.0332087130E-03	1.4019786693E-04	2.0675155739E-03	1.1531189797E-03	1.1143941216E-03	6.8864531837E-04	2.9175744498E-04	1.4141622607E-04	1.0433560314E-04	2.5700000000E-05	6.4600000000E-06	1.9000000000E-06	6.9800000000E-07	3.2100000000E-07	1.7600000000E-07	9.9300000000E-08	6.2000000000E-08	3.8300000000E-08	2.2400000000E-08	8.4600000000E-09	0.0000000000E+00	0.0000000000E+00	0.0000000000E+00
0.0000000000E+00	0.0000000000E+00	0.0000000000E+00	0.0000000000E+00	0.0000000000E+00	1.9078726398E-02	2.0281107967E-02	1.1327920485E-02	2.3403837371E-04	3.2199908815E-03	2.3110470427E-03	2.9164196512E-03	1.0569357973E-03	6.1226754292E-04	2.8921272980E-04	1.7584127555E-04	4.2800000000E-05	1.1000000000E-05	3.1400000000E-06	1.0700000000E-06	4.7300000000E-07	2.4700000000E-07	1.3700000000E-07	7.9200000000E-08	4.6500000000E-08	3.0400000000E-08	2.0100000000E-08	9.4300000000E-10	0.0000000000E+00	0.0000000000E+00
0.0000000000E+00	0.0000000000E+00	0.0000000000E+00	0.0000000000E+00	0.0000000000E+00	0.0000000000E+00	3.9348465875E-02	2.3478885930E-02	5.2583249052E-04	7.4102494856E-03	5.1156520631E-03	5.9718737204E-03	2.8204656944E-03	1.3408140695E-03	6.3206363823E-04	4.4458698037E-04	1.0133053477E-04	2.4200000000E-05	6.4100000000E-06	2.0100000000E-06	8.1700000000E-07	3.9900000000E-07	2.2600000000E-07	1.3400000000E-07	7.6900000000E-08	4.4900000000E-08	2.8200000000E-08	4.0000000000E-09	0.0000000000E+00	0.0000000000E+00
0.0000000000E+00	0.0000000000E+00	0.0000000000E+00	0.0000000000E+00	0.0000000000E+00	0.0000000000E+00	0.0000000000E+00	4.1762003890E-02	1.4773568245E-03	1.8600553948E-02	1.4736755439E-02	1.7187123846E-02	8.1896957209E-03	3.8953974877E-03	1.8370508079E-03	1.2893321787E-03	2.9239472551E-04	6.7800000000E-05	1.6900000000E-05	4.8300000000E-06	1.7200000000E-06	7.7300000000E-07	4.0300000000E-07	2.3100000000E-07	1.4300000000E-07	8.5500000000E-08	5.3300000000E-08	2.5300000000E-08	4.8400000000E-10	0.0000000000E+00
0.0000000000E+00	0.0000000000E+00	0.0000000000E+00	0.0000000000E+00	0.0000000000E+00	0.0000000000E+00	0.0000000000E+00	0.0000000000E+00	3.4232733079E-03	3.9330512221E-02	2.2626905278E-02	2.8451495738E-02	1.3545847296E-02	6.4357503262E-03	3.0337568239E-03	2.1361776539E-03	4.7868762817E-04	1.1098621338E-04	2.7200000000E-05	7.4100000000E-06	2.4500000000E-06	1.1000000000E-06	5.8000000000E-07	3.1100000000E-07	2.5600000000E-07	7.6600000000E-08	2.8100000000E-08	3.8000000000E-08	0.0000000000E+00	0.0000000000E+00
0.0000000000E+00	0.0000000000E+00	0.0000000000E+00	0.0000000000E+00	0.0000000000E+00	0.0000000000E+00	0.0000000000E+00	0.0000000000E+00	0.0000000000E+00	3.7446977293E-02	2.3669789705E-02	3.7136153721E-02	1.7866466301E-02	8.4984436587E-03	4.0055625566E-03	2.8104126409E-03	6.3299748791E-04	1.4490261628E-04	3.5100000000E-05	9.4000000000E-06	3.0700000000E-06	1.2600000000E-06	6.5700000000E-07	3.5600000000E-07	2.1500000000E-07	1.3000000000E-07	7.1000000000E-08	4.0400000000E-08	1.0900000000E-08	0.0000000000E+00
0.0000000000E+00	0.0000000000E+00	0.0000000000E+00	0.0000000000E+00	0.0000000000E+00	0.0000000000E+00	0.0000000000E+00	0.0000000000E+00	0.0000000000E+00	0.0000000000E+00	4.3866980729E-02	5.4524514220E-02	2.9925856862E-02	1.4247089830E-02	6.7075965363E-03	4.6998659865E-03	1.0573622608E-03	2.4051326932E-04	5.7100000000E-05	1.4700000000E-05	4.5900000000E-06	1.7800000000E-06	8.7000000000E-07	4.7600000000E-07	2.8000000000E-07	1.8300000000E-07	9.4800000000E-08	5.8500000000E-08	1.3900000000E-08	0.0000000000E+00
0.0000000000E+00	0.0000000000E+00	0.0000000000E+00	0.0000000000E+00	0.0000000000E+00	0.0000000000E+00	0.0000000000E+00	0.0000000000E+00	0.0000000000E+00	0.0000000000E+00	0.0000000000E+00	7.7853521858E-02	5.1612159655E-02	3.0961873506E-02	1.4587030678E-02	1.0208796148E-02	2.2884437332E-03	5.1680742711E-04	1.2025583151E-04	2.9800000000E-05	8.5600000000E-06	3.0600000000E-06	1.3800000000E-06	7.2700000000E-07	4.2600000000E-07	2.5800000000E-07	1.5800000000E-07	1.0100000000E-07	3.9000000000E-08	5.4900000000E-09
0.0000000000E+00	0.0000000000E+00	0.0000000000E+00	0.0000000000E+00	0.0000000000E+00	0.0000000000E+00	0.0000000000E+00	0.0000000000E+00	0.0000000000E+00	0.0000000000E+00	0.0000000000E+00	0.0000000000E+00	9.4312022672E-02	8.2027358747E-02	3.9386959049E-02	2.7551530155E-02	6.1652439397E-03	1.3834288475E-03	3.1708809174E-04	7.5400000000E-05	2.0100000000E-05	6.3900000000E-06	2.5500000000E-06	1.2600000000E-06	7.1700000000E-07	4.1400000000E-07	2.6500000000E-07	1.5100000000E-07	8.2500000000E-08	1.7700000000E-08
0.0000000000E+00	0.0000000000E+00	0.0000000000E+00	0.0000000000E+00	0.0000000000E+00	0.0000000000E+00	0.0000000000E+00	0.0000000000E+00	0.0000000000E+00	0.0000000000E+00	0.0000000000E+00	0.0000000000E+00	0.0000000000E+00	1.2779314841E-01	9.6270175049E-02	7.8061395160E-02	1.7446495411E-02	3.8944800864E-03	8.8396776483E-04	2.0512623319E-04	5.1200000000E-05	1.4600000000E-05	5.2200000000E-06	2.3100000000E-06	1.2000000000E-06	7.1100000000E-07	4.1000000000E-07	2.5700000000E-07	1.3600000000E-07	5.4600000000E-08
0.0000000000E+00	0.0000000000E+00	0.0000000000E+00	0.0000000000E+00	0.0000000000E+00	0.0000000000E+00	0.0000000000E+00	0.0000000000E+00	0.0000000000E+00	0.0000000000E+00	0.0000000000E+00	0.0000000000E+00	0.0000000000E+00	0.0000000000E+00	1.2072960393E-01	1.9727324590E-01	4.6377375184E-02	1.0330175992E-02	2.3287145518E-03	5.3218140085E-04	1.2789250586E-04	3.3700000000E-05	1.0700000000E-05	4.3400000000E-06	2.1600000000E-06	1.1600000000E-06	7.1300000000E-07	4.0800000000E-07	2.5600000000E-07	1.6000000000E-07
0.0000000000E+00	0.0000000000E+00	0.0000000000E+00	0.0000000000E+00	0.0000000000E+00	0.0000000000E+00	0.0000000000E+00	0.0000000000E+00	0.0000000000E+00	0.0000000000E+00	0.0000000000E+00	0.0000000000E+00	0.0000000000E+00	0.0000000000E+00	0.0000000000E+00	2.5982236160E-01	2.0042163303E-01	4.5580682924E-02	1.0214933854E-02	2.2995576634E-03	5.3172541870E-04	1.2890895677E-04	3.5000000000E-05	1.1500000000E-05	4.8700000000E-06	2.4800000000E-06	1.4000000000E-06	8.6200000000E-07	4.7200000000E-07	3.3500000000E-07
0.0000000000E+00	0.0000000000E+00	0.0000000000E+00	0.0000000000E+00	0.0000000000E+00	0.0000000000E+00	0.0000000000E+00	0.0000000000E+00	0.0000000000E+00	0.0000000000E+00	0.0000000000E+00	0.0000000000E+00	0.0000000000E+00	0.0000000000E+00	0.0000000000E+00	0.0000000000E+00	3.4665062846E-01	2.6735184431E-01	6.0844482863E-02	1.3581206336E-02	3.0833522175E-03	7.0926792437E-04	1.7225842043E-04	4.6600000000E-05	1.5400000000E-05	6.5400000000E-06	3.3000000000E-06	1.8900000000E-06	1.0500000000E-06	8.4100000000E-07
0.0000000000E+00	0.0000000000E+00	0.0000000000E+00	0.0000000000E+00	0.0000000000E+00	0.0000000000E+00	0.0000000000E+00	0.0000000000E+00	0.0000000000E+00	0.0000000000E+00	0.0000000000E+00	0.0000000000E+00	0.0000000000E+00	0.0000000000E+00	0.0000000000E+00	0.0000000000E+00	0.0000000000E+00	3.9849211272E-01	3.0898522202E-01	6.9967138415E-02	1.5751639997E-02	3.5527305114E-03	8.1964500513E-04	1.9795375922E-04	5.3800000000E-05	1.7800000000E-05	7.5200000000E-06	3.7700000000E-06	2.1400000000E-06	1.6400000000E-06
0.0000000000E+00	0.0000000000E+00	0.0000000000E+00	0.0000000000E+00	0.0000000000E+00	0.0000000000E+00	0.0000000000E+00	0.0000000000E+00	0.0000000000E+00	0.0000000000E+00	0.0000000000E+00	0.0000000000E+00	0.0000000000E+00	0.0000000000E+00	0.0000000000E+00	0.0000000000E+00	0.0000000000E+00	0.0000000000E+00	4.2375770970E-01	3.2706449795E-01	7.4677771809E-02	1.6722465960E-02	3.7757145022E-03	8.6897456105E-04	2.1034464617E-04	5.6900000000E-05	1.8800000000E-05	7.9000000000E-06	4.0900000000E-06	3.0800000000E-06
0.0000000000E+00	0.0000000000E+00	0.0000000000E+00	0.0000000000E+00	0.0000000000E+00	0.0000000000E+00	0.0000000000E+00	0.0000000000E+00	0.0000000000E+00	0.0000000000E+00	0.0000000000E+00	0.0000000000E+00	0.0000000000E+00	0.0000000000E+00	0.0000000000E+00	0.0000000000E+00	0.0000000000E+00	0.0000000000E+00	0.0000000000E+00	4.3216674333E-01	3.3728088470E-01	7.6506795531E-02	1.7140403871E-02	3.8651296814E-03	8.9034515143E-04	2.1604360266E-04	5.8100000000E-05	1.9100000000E-05	7.7400000000E-06	5.3700000000E-06
0.0000000000E+00	0.0000000000E+00	0.0000000000E+00	0.0000000000E+00	0.0000000000E+00	0.0000000000E+00	0.0000000000E+00	0.0000000000E+00	0.0000000000E+00	0.0000000000E+00	0.0000000000E+00	0.0000000000E+00	0.0000000000E+00	0.0000000000E+00	0.0000000000E+00	0.0000000000E+00	0.0000000000E+00	0.0000000000E+00	0.0000000000E+00	0.0000000000E+00	4.3645204478E-01	3.3894239650E-01	7.6967523424E-02	1.7213629929E-02	3.8874518781E-03	8.9483812521E-04	2.1479755798E-04	5.7500000000E-05	1.8500000000E-05	1.0100000000E-05
0.0000000000E+00	0.0000000000E+00	0.0000000000E+00	0.0000000000E+00	0.0000000000E+00	0.0000000000E+00	0.0000000000E+00	0.0000000000E+00	0.0000000000E+00	0.0000000000E+00	0.0000000000E+00	0.0000000000E+00	0.0000000000E+00	0.0000000000E+00	0.0000000000E+00	0.0000000000E+00	0.0000000000E+00	0.0000000000E+00	0.0000000000E+00	0.0000000000E+00	7.6300000000E-09	4.3775530647E-01	3.4018234659E-01	7.7116461786E-02	1.7280330632E-02	3.8947397162E-03	8.9034790340E-04	2.1449462148E-04	5.5500000000E-05	2.1800000000E-05
0.0000000000E+00	0.0000000000E+00	0.0000000000E+00	0.0000000000E+00	0.0000000000E+00	0.0000000000E+00	0.0000000000E+00	0.0000000000E+00	0.0000000000E+00	0.0000000000E+00	0.0000000000E+00	0.0000000000E+00	0.0000000000E+00	0.0000000000E+00	0.0000000000E+00	0.0000000000E+00	0.0000000000E+00	0.0000000000E+00	0.0000000000E+00	0.0000000000E+00	0.0000000000E+00	5.1200000000E-08	4.3858861108E-01	3.4021412911E-01	7.7217618953E-02	1.7289371370E-02	3.8627663266E-03	8.7761488642E-04	2.0134500881E-04	6.1200000000E-05
0.0000000000E+00	0.0000000000E+00	0.0000000000E+00	0.0000000000E+00	0.0000000000E+00	0.0000000000E+00	0.0000000000E+00	0.0000000000E+00	0.0000000000E+00	0.0000000000E+00	0.0000000000E+00	0.0000000000E+00	0.0000000000E+00	0.0000000000E+00	0.0000000000E+00	0.0000000000E+00	0.0000000000E+00	0.0000000000E+00	0.0000000000E+00	0.0000000000E+00	0.0000000000E+00	0.0000000000E+00	2.8600000000E-07	4.3883329770E-01	3.4018524675E-01	7.7175822368E-02	1.7118023165E-02	3.8128748063E-03	8.2592852508E-04	2.1148740711E-04
0.0000000000E+00	0.0000000000E+00	0.0000000000E+00	0.0000000000E+00	0.0000000000E+00	0.0000000000E+00	0.0000000000E+00	0.0000000000E+00	0.0000000000E+00	0.0000000000E+00	0.0000000000E+00	0.0000000000E+00	0.0000000000E+00	0.0000000000E+00	0.0000000000E+00	0.0000000000E+00	0.0000000000E+00	0.0000000000E+00	0.0000000000E+00	0.0000000000E+00	0.0000000000E+00	0.0000000000E+00	0.0000000000E+00	1.8400000000E-06	4.3955632323E-01	3.3967972764E-01	7.6336245468E-02	1.6881743758E-02	3.5642751165E-03	8.2630043117E-04
0.0000000000E+00	0.0000000000E+00	0.0000000000E+00	0.0000000000E+00	0.0000000000E+00	0.0000000000E+00	0.0000000000E+00	0.0000000000E+00	0.0000000000E+00	0.0000000000E+00	0.0000000000E+00	0.0000000000E+00	0.0000000000E+00	0.0000000000E+00	0.0000000000E+00	0.0000000000E+00	0.0000000000E+00	0.0000000000E+00	0.0000000000E+00	0.0000000000E+00	0.0000000000E+00	0.0000000000E+00	0.0000000000E+00	0.0000000000E+00	1.8000000000E-05	4.4722397778E-01	3.3196730724E-01	7.2512917015E-02	1.3919133959E-02	2.6249041378E-03
0.0000000000E+00	0.0000000000E+00	0.0000000000E+00	0.0000000000E+00	0.0000000000E+00	0.0000000000E+00	0.0000000000E+00	0.0000000000E+00	0.0000000000E+00	0.0000000000E+00	0.0000000000E+00	0.0000000000E+00	0.0000000000E+00	0.0000000000E+00	0.0000000000E+00	0.0000000000E+00	0.0000000000E+00	0.0000000000E+00	0.0000000000E+00	0.0000000000E+00	0.0000000000E+00	0.0000000000E+00	0.0000000000E+00	0.0000000000E+00	0.0000000000E+00	1.5480347671E-04	4.8118718500E-01	2.9233429746E-01	4.5236288645E-02	3.4113760857E-03
0.0000000000E+00	0.0000000000E+00	0.0000000000E+00	0.0000000000E+00	0.0000000000E+00	0.0000000000E+00	0.0000000000E+00	0.0000000000E+00	0.0000000000E+00	0.0000000000E+00	0.0000000000E+00	0.0000000000E+00	0.0000000000E+00	0.0000000000E+00	0.0000000000E+00	0.0000000000E+00	0.0000000000E+00	0.0000000000E+00	0.0000000000E+00	0.0000000000E+00	0.0000000000E+00	0.0000000000E+00	0.0000000000E+00	0.0000000000E+00	0.0000000000E+00	0.0000000000E+00	9.6083370384E-04	5.4388396025E-01	2.1125672676E-01	1.0214164006E-02
0.0000000000E+00	0.0000000000E+00	0.0000000000E+00	0.0000000000E+00	0.0000000000E+00	0.0000000000E+00	0.0000000000E+00	0.0000000000E+00	0.0000000000E+00	0.0000000000E+00	0.0000000000E+00	0.0000000000E+00	0.0000000000E+00	0.0000000000E+00	0.0000000000E+00	0.0000000000E+00	0.0000000000E+00	0.0000000000E+00	0.0000000000E+00	0.0000000000E+00	0.0000000000E+00	0.0000000000E+00	0.0000000000E+00	0.0000000000E+00	0.0000000000E+00	0.0000000000E+00	0.0000000000E+00	4.7525322002E-03	6.2557448121E-01	1.1125943287E-01
0.0000000000E+00	0.0000000000E+00	0.0000000000E+00	0.0000000000E+00	0.0000000000E+00	0.0000000000E+00	0.0000000000E+00	0.0000000000E+00	0.0000000000E+00	0.0000000000E+00	0.0000000000E+00	0.0000000000E+00	0.0000000000E+00	0.0000000000E+00	0.0000000000E+00	0.0000000000E+00	0.0000000000E+00	0.0000000000E+00	0.0000000000E+00	0.0000000000E+00	0.0000000000E+00	0.0000000000E+00	0.0000000000E+00	0.0000000000E+00	0.0000000000E+00	0.0000000000E+00	0.0000000000E+00	6.4300000000E-08	5.4415723270E-03	6.2034294868E-01
