4
4

10
3

1
1
0
0

3 3 3 3
3 3 3 3
2 2 3 3
1 2 3 3 

2 4 4 1
2 4 4 1
2 4 4 1
2 4 4 1

1 1 1 1
4 4 4 4
4 4 4 4
2 2 2 2




1.000000000000000e-01 2.000000000000000e-01 3.000000000000000e-01 4.000000000000000e-01 3.500000000000000e-01 6.000000000000000e-01 7.000000000000000e-01 8.000000000000000e-01 9.000000000000000e-01 8.500000000000000e-01

1.261876726359118e-01 2.523753452718236e-01 3.785630179077354e-01 5.047506905436473e-01 4.416568542256913e-01 7.571260358154709e-01 8.833137084513827e-01 1.009501381087295e+00 1.135689053723206e+00 1.072595217405250e+00

1.575950986520658e-01 3.151901973041315e-01 4.727852959561972e-01 6.303803946082630e-01 5.515828452822300e-01 9.455705919123943e-01 1.103165690564460e+00 1.260760789216526e+00 1.418355887868592e+00 1.339558338542559e+00







1.00000000000000E-02 0.00000000000000E+00 0.00000000000000E+00 0.00000000000000E+00	0.00000000000000E+00 0.00000000000000E+00 0.00000000000000E+00	0.00000000000000E+00	0.00000000000000E+00	0.00000000000000E+00
5.00000000000000E-03 2.00000000000000E-02 0.00000000000000E+00 0.00000000000000E+00	0.00000000000000E+00 0.00000000000000E+00 0.00000000000000E+00	0.00000000000000E+00	0.00000000000000E+00	0.00000000000000E+00
3.33333333333333E-03 1.00000000000000E-02 3.00000000000000E-02 0.00000000000000E+00	0.00000000000000E+00 0.00000000000000E+00 0.00000000000000E+00	0.00000000000000E+00	0.00000000000000E+00	0.00000000000000E+00
2.50000000000000E-03 6.66666666666667E-03 1.50000000000000E-02 4.00000000000000E-02	0.00000000000000E+00 0.00000000000000E+00 0.00000000000000E+00	0.00000000000000E+00	0.00000000000000E+00	0.00000000000000E+00
2.00000000000000E-03 5.00000000000000E-03 1.00000000000000E-02 2.00000000000000E-02	5.00000000000000E-02 0.00000000000000E+00 0.00000000000000E+00	0.00000000000000E+00	0.00000000000000E+00	0.00000000000000E+00
1.66666666666667E-03 4.00000000000000E-03 7.50000000000000E-03 1.33333333333333E-02	2.50000000000000E-02 6.00000000000000E-02 0.00000000000000E+00	0.00000000000000E+00	0.00000000000000E+00	0.00000000000000E+00
1.42857142857143E-03 3.33333333333333E-03 6.00000000000000E-03 1.00000000000000E-02	1.66666666666667E-02 3.00000000000000E-02 7.00000000000000E-02	0.00000000000000E+00	0.00000000000000E+00	0.00000000000000E+00
1.25000000000000E-03 2.85714285714286E-03 5.00000000000000E-03 8.00000000000000E-03	1.25000000000000E-02 2.00000000000000E-02 3.50000000000000E-02	8.00000000000000E-02	0.00000000000000E+00	0.00000000000000E+00
1.11111111111111E-03 2.50000000000000E-03 4.28571428571429E-03 6.66666666666667E-03	1.00000000000000E-02 1.50000000000000E-02 2.33333333333333E-02	4.00000000000000E-02	9.00000000000000E-02	0.00000000000000E+00
1.00000000000000E-03 2.22222222222222E-03 3.75000000000000E-03 5.71428571428571E-03	8.33333333333333E-03 1.20000000000000E-02 1.75000000000000E-02	2.66666666666667E-02	4.50000000000000E-02	1.00000000000000E-01

1.0476190476190500E-02	0.0000000000000000E+00	0.0000000000000000E+00	0.0000000000000000E+00	0.0000000000000000E+00	0.0000000000000000E+00	0.0000000000000000E+00	0.0000000000000000E+00	0.0000000000000000E+00	0.0000000000000000E+00
5.2380952380952400E-03	2.0952380952380900E-02	0.0000000000000000E+00	0.0000000000000000E+00	0.0000000000000000E+00	0.0000000000000000E+00	0.0000000000000000E+00	0.0000000000000000E+00	0.0000000000000000E+00	0.0000000000000000E+00
3.4920634920634900E-03	1.0476190476190500E-02	3.1428571428571400E-02	0.0000000000000000E+00	0.0000000000000000E+00	0.0000000000000000E+00	0.0000000000000000E+00	0.0000000000000000E+00	0.0000000000000000E+00	0.0000000000000000E+00
2.6190476190476200E-03	6.9841269841269900E-03	1.5714285714285700E-02	4.1904761904761900E-02	0.0000000000000000E+00	0.0000000000000000E+00	0.0000000000000000E+00	0.0000000000000000E+00	0.0000000000000000E+00	0.0000000000000000E+00
2.0952380952380900E-03	5.2380952380952400E-03	1.0476190476190500E-02	2.0952380952380900E-02	5.2380952380952400E-02	0.0000000000000000E+00	0.0000000000000000E+00	0.0000000000000000E+00	0.0000000000000000E+00	0.0000000000000000E+00
1.7460317460317500E-03	4.1904761904761900E-03	7.8571428571428600E-03	1.3968253968254000E-02	2.6190476190476200E-02	6.2857142857142900E-02	0.0000000000000000E+00	0.0000000000000000E+00	0.0000000000000000E+00	0.0000000000000000E+00
1.4965986394557800E-03	3.4920634920634900E-03	6.2857142857142900E-03	1.0476190476190500E-02	1.7460317460317500E-02	3.1428571428571400E-02	7.3333333333333400E-02	0.0000000000000000E+00	0.0000000000000000E+00	0.0000000000000000E+00
1.3095238095238100E-03	2.9931972789115700E-03	5.2380952380952400E-03	8.3809523809523800E-03	1.3095238095238100E-02	2.0952380952380900E-02	3.6666666666666700E-02	8.3809523809523800E-02	0.0000000000000000E+00	0.0000000000000000E+00
1.1640211640211600E-03	2.6190476190476200E-03	4.4897959183673500E-03	6.9841269841269900E-03	1.0476190476190500E-02	1.5714285714285700E-02	2.4444444444444400E-02	4.1904761904761900E-02	9.4285714285714300E-02	0.0000000000000000E+00
1.0476190476190500E-03	2.3280423280423300E-03	3.9285714285714300E-03	5.9863945578231300E-03	8.7301587301587300E-03	1.2571428571428600E-02	1.8333333333333300E-02	2.7936507936507900E-02	4.7142857142857200E-02	1.0476190476190500E-01


1.09523809523810E-02	0.00000000000000E+00	0.00000000000000E+00	0.00000000000000E+00	0.00000000000000E+00	0.00000000000000E+00	0.00000000000000E+00	0.00000000000000E+00	0.00000000000000E+00	0.00000000000000E+00
5.47619047619048E-03	2.19047619047619E-02	0.00000000000000E+00	0.00000000000000E+00	0.00000000000000E+00	0.00000000000000E+00	0.00000000000000E+00	0.00000000000000E+00	0.00000000000000E+00	0.00000000000000E+00
3.65079365079365E-03	1.09523809523810E-02	3.28571428571429E-02	0.00000000000000E+00	0.00000000000000E+00	0.00000000000000E+00	0.00000000000000E+00	0.00000000000000E+00	0.00000000000000E+00	0.00000000000000E+00
2.73809523809524E-03	7.30158730158730E-03	1.64285714285714E-02	4.38095238095238E-02	0.00000000000000E+00	0.00000000000000E+00	0.00000000000000E+00	0.00000000000000E+00	0.00000000000000E+00	0.00000000000000E+00
2.19047619047619E-03	5.47619047619048E-03	1.09523809523810E-02	2.19047619047619E-02	5.47619047619048E-02	0.00000000000000E+00	0.00000000000000E+00	0.00000000000000E+00	0.00000000000000E+00	0.00000000000000E+00
1.82539682539683E-03	4.38095238095238E-03	8.21428571428572E-03	1.46031746031746E-02	2.73809523809524E-02	6.57142857142857E-02	0.00000000000000E+00	0.00000000000000E+00	0.00000000000000E+00	0.00000000000000E+00
1.56462585034014E-03	3.65079365079365E-03	6.57142857142857E-03	1.09523809523810E-02	1.82539682539683E-02	3.28571428571429E-02	7.66666666666667E-02	0.00000000000000E+00	0.00000000000000E+00	0.00000000000000E+00
1.36904761904762E-03	3.12925170068027E-03	5.47619047619048E-03	8.76190476190476E-03	1.36904761904762E-02	2.19047619047619E-02	3.83333333333333E-02	8.76190476190476E-02	0.00000000000000E+00	0.00000000000000E+00
1.21693121693122E-03	2.73809523809524E-03	4.69387755102041E-03	7.30158730158730E-03	1.09523809523810E-02	1.64285714285714E-02	2.55555555555556E-02	4.38095238095238E-02	9.85714285714286E-02	0.00000000000000E+00
1.09523809523810E-03	2.43386243386243E-03	4.10714285714286E-03	6.25850340136055E-03	9.12698412698413E-03	1.31428571428571E-02	1.91666666666667E-02	2.92063492063492E-02	4.92857142857143E-02	1.09523809523810E-01














6.90000000000000E-03	0.00000000000000E+00	0.00000000000000E+00	0.00000000000000E+00	0.00000000000000E+00	0.00000000000000E+00	0.00000000000000E+00	0.00000000000000E+00	0.00000000000000E+00	0.00000000000000E+00
3.42500000000000E-03	1.36000000000000E-02	0.00000000000000E+00	0.00000000000000E+00	0.00000000000000E+00	0.00000000000000E+00	0.00000000000000E+00	0.00000000000000E+00	0.00000000000000E+00	0.00000000000000E+00
2.26666666666667E-03	6.75000000000000E-03	2.01000000000000E-02	0.00000000000000E+00	0.00000000000000E+00	0.00000000000000E+00	0.00000000000000E+00	0.00000000000000E+00	0.00000000000000E+00	0.00000000000000E+00
1.68750000000000E-03	4.46666666666667E-03	9.97500000000000E-03	2.64000000000000E-02	0.00000000000000E+00	0.00000000000000E+00	0.00000000000000E+00	0.00000000000000E+00	0.00000000000000E+00	0.00000000000000E+00
1.34000000000000E-03	3.32500000000000E-03	6.60000000000000E-03	1.31000000000000E-02	3.25000000000000E-02	0.00000000000000E+00	0.00000000000000E+00	0.00000000000000E+00	0.00000000000000E+00	0.00000000000000E+00
1.10833333333333E-03	2.64000000000000E-03	4.91250000000000E-03	8.66666666666667E-03	1.61250000000000E-02	3.84000000000000E-02	0.00000000000000E+00	0.00000000000000E+00	0.00000000000000E+00	0.00000000000000E+00
9.42857142857143E-04	2.18333333333333E-03	3.90000000000000E-03	6.45000000000000E-03	1.06666666666667E-02	1.90500000000000E-02	4.41000000000000E-02	0.00000000000000E+00	0.00000000000000E+00	0.00000000000000E+00
8.18750000000000E-04	1.85714285714286E-03	3.22500000000000E-03	5.12000000000000E-03	7.93750000000000E-03	1.26000000000000E-02	2.18750000000000E-02	4.96000000000000E-02	0.00000000000000E+00	0.00000000000000E+00
7.22222222222222E-04	1.61250000000000E-03	2.74285714285714E-03	4.23333333333333E-03	6.30000000000000E-03	9.37500000000000E-03	1.44666666666667E-02	2.46000000000000E-02	5.49000000000000E-02	0.00000000000000E+00
6.45000000000000E-04	1.42222222222222E-03	2.38125000000000E-03	3.60000000000000E-03	5.20833333333333E-03	7.44000000000000E-03	1.07625000000000E-02	1.62666666666667E-02	2.72250000000000E-02	6.00000000000000E-02


7.22857142857143E-03	0.00000000000000E+00	0.00000000000000E+00	0.00000000000000E+00	0.00000000000000E+00	0.00000000000000E+00	0.00000000000000E+00	0.00000000000000E+00	0.00000000000000E+00	0.00000000000000E+00
3.58809523809524E-03	1.42476190476191E-02	0.00000000000000E+00	0.00000000000000E+00	0.00000000000000E+00	0.00000000000000E+00	0.00000000000000E+00	0.00000000000000E+00	0.00000000000000E+00	0.00000000000000E+00
2.37460317460317E-03	7.07142857142857E-03	2.10571428571429E-02	0.00000000000000E+00	0.00000000000000E+00	0.00000000000000E+00	0.00000000000000E+00	0.00000000000000E+00	0.00000000000000E+00	0.00000000000000E+00
1.76785714285714E-03	4.67936507936508E-03	1.04500000000000E-02	2.76571428571429E-02	0.00000000000000E+00	0.00000000000000E+00	0.00000000000000E+00	0.00000000000000E+00	0.00000000000000E+00	0.00000000000000E+00
1.40380952380952E-03	3.48333333333333E-03	6.91428571428571E-03	1.37238095238095E-02	3.40476190476190E-02	0.00000000000000E+00	0.00000000000000E+00	0.00000000000000E+00	0.00000000000000E+00	0.00000000000000E+00
1.16111111111111E-03	2.76571428571429E-03	5.14642857142857E-03	9.07936507936508E-03	1.68928571428571E-02	4.02285714285714E-02	0.00000000000000E+00	0.00000000000000E+00	0.00000000000000E+00	0.00000000000000E+00
9.87755102040816E-04	2.28730158730159E-03	4.08571428571429E-03	6.75714285714286E-03	1.11746031746032E-02	1.99571428571429E-02	4.62000000000000E-02	0.00000000000000E+00	0.00000000000000E+00	0.00000000000000E+00
8.57738095238095E-04	1.94557823129252E-03	3.37857142857143E-03	5.36380952380952E-03	8.31547619047619E-03	1.32000000000000E-02	2.29166666666667E-02	5.19619047619048E-02	0.00000000000000E+00	0.00000000000000E+00
7.56613756613757E-04	1.68928571428571E-03	2.87346938775510E-03	4.43492063492064E-03	6.60000000000000E-03	9.82142857142857E-03	1.51555555555556E-02	2.57714285714286E-02	5.75142857142857E-02	0.00000000000000E+00
6.75714285714286E-04	1.48994708994709E-03	2.49464285714286E-03	3.77142857142857E-03	5.45634920634921E-03	7.79428571428572E-03	1.12750000000000E-02	1.70412698412698E-02	2.85214285714286E-02	6.28571428571429E-02


7.55714285714286E-03	0.00000000000000E+00	0.00000000000000E+00	0.00000000000000E+00	0.00000000000000E+00	0.00000000000000E+00	0.00000000000000E+00	0.00000000000000E+00	0.00000000000000E+00	0.00000000000000E+00
3.75119047619048E-03	1.48952380952381E-02	0.00000000000000E+00	0.00000000000000E+00	0.00000000000000E+00	0.00000000000000E+00	0.00000000000000E+00	0.00000000000000E+00	0.00000000000000E+00	0.00000000000000E+00
2.48253968253968E-03	7.39285714285714E-03	2.20142857142857E-02	0.00000000000000E+00	0.00000000000000E+00	0.00000000000000E+00	0.00000000000000E+00	0.00000000000000E+00	0.00000000000000E+00	0.00000000000000E+00
1.84821428571429E-03	4.89206349206349E-03	1.09250000000000E-02	2.89142857142857E-02	0.00000000000000E+00	0.00000000000000E+00	0.00000000000000E+00	0.00000000000000E+00	0.00000000000000E+00	0.00000000000000E+00
1.46761904761905E-03	3.64166666666667E-03	7.22857142857143E-03	1.43476190476190E-02	3.55952380952381E-02	0.00000000000000E+00	0.00000000000000E+00	0.00000000000000E+00	0.00000000000000E+00	0.00000000000000E+00
1.21388888888889E-03	2.89142857142857E-03	5.38035714285714E-03	9.49206349206349E-03	1.76607142857143E-02	4.20571428571429E-02	0.00000000000000E+00	0.00000000000000E+00	0.00000000000000E+00	0.00000000000000E+00
1.03265306122449E-03	2.39126984126984E-03	4.27142857142857E-03	7.06428571428571E-03	1.16825396825397E-02	2.08642857142857E-02	4.83000000000000E-02	0.00000000000000E+00	0.00000000000000E+00	0.00000000000000E+00
8.96726190476190E-04	2.03401360544218E-03	3.53214285714286E-03	5.60761904761905E-03	8.69345238095238E-03	1.38000000000000E-02	2.39583333333333E-02	5.43238095238095E-02	0.00000000000000E+00	0.00000000000000E+00
7.91005291005291E-04	1.76607142857143E-03	3.00408163265306E-03	4.63650793650794E-03	6.90000000000000E-03	1.02678571428571E-02	1.58444444444445E-02	2.69428571428571E-02	6.01285714285714E-02	0.00000000000000E+00
7.06428571428571E-04	1.55767195767196E-03	2.60803571428572E-03	3.94285714285714E-03	5.70436507936508E-03	8.14857142857143E-03	1.17875000000000E-02	1.78158730158730E-02	2.98178571428571E-02	6.57142857142857E-02


6 9 8 2
6 9 8 2
6 9 8 2
6 9 8 2

2 2 2 2
8 8 8 8
9 9 9 9
6 6 6 6

0 0 0 0
0 0 0 0
0 0 0 0
1 0 0 0

0   0 0 0
0   0 0 0
0   0 0 0
0.9 0 0 0

0   0 0 0
0   0 0 0
0   0 0 0
0.8 0 0 0

0   0 0 0
0   0 0 0
0   0 0 0
0.7 0 0 0

0   0 0 0
0   0 0 0
0   0 0 0
0.6 0 0 0

0   0 0 0
0   0 0 0
0   0 0 0
0.5 0 0 0

0   0 0 0
0   0 0 0
0   0 0 0
0.4 0 0 0

0   0 0 0
0   0 0 0
0   0 0 0
0.3 0 0 0

0   0 0 0
0   0 0 0
0   0 0 0
0.2 0 0 0

0   0 0 0
0   0 0 0
0   0 0 0
0.1 0 0 0




6 9 8 2
6 9 8 2
6 9 8 2
6 9 8 2

2 2 2 2
8 8 8 8
9 9 9 9
6 6 6 6