3
2

30
2

0
1
0
0

1 1 1
1 2 1

4 1 4
4 1 4

4 4 4
1 1 1



0.09336110292803924 0.09879783723951586 0.10135247629124758 0.1060572674226889 0.10995195497217593 0.12069864624647896 0.1631129034978853 0.2094580330094419 0.21494192176162105 0.24817782368643418 0.2906514255267066 0.39379669858305205 0.45065706268873335 0.6532544985990435 0.6968346235876413 0.906214739303202 1.1694258939340028 1.3278296710406805 1.411490271907792 1.5052867516939874 1.5428961129667925 1.5469847481306346 1.548805008119858 1.6499404192844543 1.6513807855022547 1.753761850433743 1.7614989500773454 1.8796055260362129 1.8357361697567384 3.0144372834422373 

0.09339629764231842 0.09877767914137386 0.10134754838292072 0.10605003080523961 0.10994679915610188 0.1207108725129929 0.16319333891756568 0.20927749645818042 0.2150802769282104 0.2481618927014489 0.2908096224958114 0.39382447370484047 0.45082670510923467 0.6522566798547733 0.6976700239294437 0.9057695911023875 1.169364701176141 1.3282539087629759 1.4115917962351228 1.5041265643559862 1.5429317896707587 1.5470316373553993 1.5488805159039602 1.650057227032979 1.6515697483743892 1.754695831539428 1.7620304425817823 1.880501522402503 1.838186151954541 3.0199566425468403 






2.550097466594203e-02 1.028757532182888e-02 5.178494204696218e-03 5.708587616547251e-03 8.527573465085505e-03 6.245232722975505e-03 1.035973427721717e-02 7.217134558061014e-03 1.653391491722739e-04 2.372800132913864e-03 1.771235235584502e-03 2.213592568269352e-03 1.234820465792912e-03 6.879540873905414e-04 3.914090627904588e-04 3.556076399280841e-04 1.143071690388456e-04 4.030286357837513e-05 1.319193025282618e-05 4.886304922006348e-06 9.761679478103043e-07 9.772609844012697e-07 0.000000000000000e+00 4.886304922006348e-07 0.000000000000000e+00 0.000000000000000e+00 0.000000000000000e+00 0.000000000000000e+00 0.000000000000000e+00 0.000000000000000e+00 
0.000000000000000e+00 2.377435057988369e-02 1.309572107740922e-02 8.495223987098590e-03 7.985424717665356e-03 8.867656122415449e-03 1.083368301380209e-02 8.038552678492888e-03 2.010207004104652e-04 2.973575263465813e-03 2.190585821189037e-03 2.615208405914204e-03 1.440454613789855e-03 7.995060672877123e-04 4.521824030011102e-04 4.006354471078420e-04 1.465138093825004e-04 4.296769302774755e-05 1.603358041028372e-05 6.092635292368362e-06 2.244655107714660e-06 9.619950461634258e-07 9.619950461634258e-07 9.619950461634258e-07 0.000000000000000e+00 0.000000000000000e+00 0.000000000000000e+00 0.000000000000000e+00 0.000000000000000e+00 0.000000000000000e+00 
0.000000000000000e+00 0.000000000000000e+00 2.224678741516679e-02 1.751115672915441e-02 9.907941279329814e-03 8.344746988554438e-03 1.549307952203213e-02 8.109044649447920e-03 2.027295175092895e-04 2.972746793985936e-03 2.300337511218970e-03 3.222122840628043e-03 1.814462869502013e-03 9.895409403470389e-04 5.602439764451532e-04 5.236360986137896e-04 1.821989939517265e-04 6.436325248958734e-05 2.219536976766639e-05 1.078060817286653e-05 3.804920531599950e-06 1.902460265799975e-06 3.170767109666625e-07 0.000000000000000e+00 0.000000000000000e+00 0.000000000000000e+00 0.000000000000000e+00 0.000000000000000e+00 0.000000000000000e+00 0.000000000000000e+00 
0.000000000000000e+00 0.000000000000000e+00 0.000000000000000e+00 2.378872044515684e-02 2.166786277347534e-02 9.207034652090310e-03 1.729626150455990e-02 1.156257681902305e-02 2.318421288372146e-04 3.321737338967050e-03 2.465858284891910e-03 3.432545368191424e-03 2.086152453834393e-03 1.229807881867179e-03 6.990086935370044e-04 6.617835490340699e-04 2.293487185695966e-04 7.790790267798291e-05 3.348692275136089e-05 1.116092229312800e-05 3.952826645482830e-06 1.395115286640999e-06 6.975576433204995e-07 0.000000000000000e+00 0.000000000000000e+00 0.000000000000000e+00 0.000000000000000e+00 0.000000000000000e+00 0.000000000000000e+00 0.000000000000000e+00 
0.000000000000000e+00 0.000000000000000e+00 0.000000000000000e+00 0.000000000000000e+00 2.377696841786547e-02 2.196983447563911e-02 1.922639798713251e-02 1.455980868867493e-02 3.935214776855206e-04 6.396246071845181e-03 5.011810944925927e-03 5.898003462020161e-03 2.976481621738107e-03 1.731070416216895e-03 9.896543518261309e-04 9.011856657360504e-04 3.409431726940909e-04 1.269681867509962e-04 4.133861414359203e-05 1.791339946222321e-05 7.874021741636577e-06 3.149608696654629e-06 5.905516306227431e-07 5.905516306227431e-07 0.000000000000000e+00 0.000000000000000e+00 0.000000000000000e+00 0.000000000000000e+00 0.000000000000000e+00 0.000000000000000e+00 
0.000000000000000e+00 0.000000000000000e+00 0.000000000000000e+00 0.000000000000000e+00 0.000000000000000e+00 2.751763311210286e-02 4.069738216753118e-02 1.755553370146969e-02 4.275186035796063e-04 6.478728910298302e-03 5.187583158093914e-03 8.096173775428211e-03 5.004911930154654e-03 2.860436764957264e-03 1.681957409870503e-03 1.550983491585329e-03 5.421309984151370e-04 1.910662658208131e-04 7.080587818821054e-05 2.437524562053573e-05 1.183903566199032e-05 5.107034991446802e-06 1.624965679096710e-06 2.321379541566729e-07 2.321379541566729e-07 0.000000000000000e+00 0.000000000000000e+00 0.000000000000000e+00 0.000000000000000e+00 0.000000000000000e+00 
0.000000000000000e+00 0.000000000000000e+00 0.000000000000000e+00 0.000000000000000e+00 0.000000000000000e+00 0.000000000000000e+00 6.474248965157507e-02 4.378090464201670e-02 7.568566935296202e-04 1.148039834266102e-02 8.983839479513431e-03 1.248993394589076e-02 7.706710364797901e-03 4.612595685431197e-03 2.817086843283333e-03 2.722568464090037e-03 1.001496556567216e-03 3.711444489455017e-04 1.334361834312104e-04 5.066414085690963e-05 1.929375279193002e-05 6.627625004861452e-06 1.472805556635877e-06 1.325525000972290e-06 4.418416669907632e-07 1.472805556635878e-07 0.000000000000000e+00 0.000000000000000e+00 0.000000000000000e+00 0.000000000000000e+00 
0.000000000000000e+00 0.000000000000000e+00 0.000000000000000e+00 0.000000000000000e+00 0.000000000000000e+00 0.000000000000000e+00 0.000000000000000e+00 8.083077858127063e-02 2.817052936760436e-03 3.339125216452525e-02 2.049006408200107e-02 2.805116884215033e-02 1.715677961204230e-02 1.050971993753237e-02 6.331428279668524e-03 6.168279689695832e-03 2.276958207168684e-03 7.984502436281465e-04 3.028050810844114e-04 1.169883116449383e-04 3.953121336887281e-05 1.685594884764120e-05 4.414653269620312e-06 1.404662403970099e-06 6.019981731300426e-07 4.013321154200283e-07 0.000000000000000e+00 0.000000000000000e+00 0.000000000000000e+00 0.000000000000000e+00 
0.000000000000000e+00 0.000000000000000e+00 0.000000000000000e+00 0.000000000000000e+00 0.000000000000000e+00 0.000000000000000e+00 0.000000000000000e+00 0.000000000000000e+00 3.882621842708078e-03 7.342185637105204e-02 3.328648683259549e-02 4.066648614589952e-02 2.517944605687855e-02 1.476671264302000e-02 9.628376861546372e-03 8.906161258868473e-03 3.248533066954828e-03 1.184538466757161e-03 4.321964676005856e-04 1.040472977556965e-04 8.003638288899730e-05 1.600727657779946e-05 0.000000000000000e+00 8.003638288899729e-06 0.000000000000000e+00 0.000000000000000e+00 0.000000000000000e+00 0.000000000000000e+00 0.000000000000000e+00 0.000000000000000e+00 
0.000000000000000e+00 0.000000000000000e+00 0.000000000000000e+00 0.000000000000000e+00 0.000000000000000e+00 0.000000000000000e+00 0.000000000000000e+00 0.000000000000000e+00 0.000000000000000e+00 5.402644859285086e-02 6.421064295625556e-02 5.120966568022656e-02 3.089516530311174e-02 1.889111471783586e-02 1.143657911348652e-02 1.109328239213199e-02 4.052667500108275e-03 1.463989485042995e-03 5.097396863642054e-04 1.925332561499476e-04 7.417264786104542e-05 3.314097032089264e-05 1.578141443852030e-05 4.208377183605411e-06 1.052094295901353e-06 5.260471479506764e-07 5.260471479506764e-07 0.000000000000000e+00 0.000000000000000e+00 0.000000000000000e+00 
0.000000000000000e+00 0.000000000000000e+00 0.000000000000000e+00 0.000000000000000e+00 0.000000000000000e+00 0.000000000000000e+00 0.000000000000000e+00 0.000000000000000e+00 0.000000000000000e+00 0.000000000000000e+00 6.546309408195834e-02 1.090218331134389e-01 4.545861345746631e-02 2.794929371889833e-02 1.687501613333499e-02 1.635970852974089e-02 5.982231525232760e-03 2.181497306271940e-03 8.403480557772800e-04 2.914748144223874e-04 1.028376693891096e-04 4.381249820127747e-05 1.582117990601686e-05 5.476562275159680e-06 1.825520758386560e-06 0.000000000000000e+00 6.085069194621867e-07 0.000000000000000e+00 0.000000000000000e+00 0.000000000000000e+00 
0.000000000000000e+00 0.000000000000000e+00 0.000000000000000e+00 0.000000000000000e+00 0.000000000000000e+00 0.000000000000000e+00 0.000000000000000e+00 0.000000000000000e+00 0.000000000000000e+00 0.000000000000000e+00 0.000000000000000e+00 1.525845388886779e-01 1.144670914140154e-01 4.998236134175572e-02 3.024041450417035e-02 2.935945154648192e-02 1.089860675547886e-02 3.952992094502600e-03 1.435792129094509e-03 5.270126996786920e-04 2.115194043138125e-04 7.341667879560096e-05 3.135090608028367e-05 7.936938248173073e-06 1.984234562043268e-06 1.587387649634615e-06 3.968469124086538e-07 0.000000000000000e+00 0.000000000000000e+00 0.000000000000000e+00 
0.000000000000000e+00 0.000000000000000e+00 0.000000000000000e+00 0.000000000000000e+00 0.000000000000000e+00 0.000000000000000e+00 0.000000000000000e+00 0.000000000000000e+00 0.000000000000000e+00 0.000000000000000e+00 0.000000000000000e+00 0.000000000000000e+00 1.620253774335614e-01 1.260076277375394e-01 6.384119029529611e-02 6.245149834391968e-02 2.297063701759069e-02 8.425287318910504e-03 3.063917356511097e-03 1.154308535136785e-03 4.354141110251037e-04 1.514483864435144e-04 5.388067594625031e-05 2.232892877051814e-05 9.708229900225275e-06 4.854114950112638e-06 1.456234485033792e-06 4.854114950112638e-07 0.000000000000000e+00 0.000000000000000e+00 
0.000000000000000e+00 0.000000000000000e+00 0.000000000000000e+00 0.000000000000000e+00 0.000000000000000e+00 0.000000000000000e+00 0.000000000000000e+00 0.000000000000000e+00 0.000000000000000e+00 0.000000000000000e+00 0.000000000000000e+00 0.000000000000000e+00 0.000000000000000e+00 2.589821240558569e-01 1.781951002082185e-01 1.363235760377135e-01 5.022524350771008e-02 1.864967123419823e-02 6.859071842839824e-03 2.556106512628672e-03 9.404016318295441e-04 3.118394135221116e-04 1.283634274900862e-04 3.488136616578431e-05 1.674305575957646e-05 5.581018586525486e-06 2.092881969947057e-06 6.976273233156857e-07 0.000000000000000e+00 0.000000000000000e+00 
0.000000000000000e+00 0.000000000000000e+00 0.000000000000000e+00 0.000000000000000e+00 0.000000000000000e+00 0.000000000000000e+00 0.000000000000000e+00 0.000000000000000e+00 0.000000000000000e+00 0.000000000000000e+00 0.000000000000000e+00 0.000000000000000e+00 0.000000000000000e+00 0.000000000000000e+00 2.156647171489094e-01 3.153601720223079e-01 1.048089491356500e-01 3.837528909177895e-02 1.425022229559436e-02 5.300261295824424e-03 1.935289937576782e-03 7.247630617764145e-04 2.519414452841823e-04 8.714413004692610e-05 4.486628477663521e-05 1.725626337562892e-05 8.628131687814460e-07 8.628131687814460e-07 1.725626337562892e-06 0.000000000000000e+00 
0.000000000000000e+00 0.000000000000000e+00 0.000000000000000e+00 0.000000000000000e+00 0.000000000000000e+00 0.000000000000000e+00 0.000000000000000e+00 0.000000000000000e+00 0.000000000000000e+00 0.000000000000000e+00 0.000000000000000e+00 0.000000000000000e+00 0.000000000000000e+00 0.000000000000000e+00 0.000000000000000e+00 4.022060516008578e-01 3.250418074072615e-01 1.131203718982658e-01 4.146285445514034e-02 1.530488139961879e-02 5.731081424454741e-03 2.119640404290730e-03 7.664852190322949e-04 2.694201599284134e-04 1.168496423959186e-04 4.298613787621878e-05 1.392508691764833e-05 4.238069931458188e-06 3.027192808184419e-06 1.210877123273768e-06 
0.000000000000000e+00 0.000000000000000e+00 0.000000000000000e+00 0.000000000000000e+00 0.000000000000000e+00 0.000000000000000e+00 0.000000000000000e+00 0.000000000000000e+00 0.000000000000000e+00 0.000000000000000e+00 0.000000000000000e+00 0.000000000000000e+00 0.000000000000000e+00 0.000000000000000e+00 0.000000000000000e+00 0.000000000000000e+00 5.034548412467509e-01 4.272171262731635e-01 1.508292641962976e-01 5.565846619771956e-02 2.043443127433522e-02 7.423713736289173e-03 2.779862965721020e-03 1.029119652786997e-03 3.496527013083532e-04 1.578810069737482e-04 5.124933210666172e-05 1.322563409204173e-05 4.133010653763040e-06 2.479806392257824e-06 
0.000000000000000e+00 0.000000000000000e+00 0.000000000000000e+00 0.000000000000000e+00 0.000000000000000e+00 0.000000000000000e+00 0.000000000000000e+00 0.000000000000000e+00 0.000000000000000e+00 0.000000000000000e+00 0.000000000000000e+00 0.000000000000000e+00 0.000000000000000e+00 0.000000000000000e+00 0.000000000000000e+00 0.000000000000000e+00 0.000000000000000e+00 5.621473660844598e-01 4.899918444967838e-01 1.740094152687880e-01 6.415862688387436e-02 2.360486522124842e-02 8.919489380435111e-03 3.211566338213722e-03 1.110146822325330e-03 4.204803893409216e-04 1.463821916163489e-04 4.519181754598693e-05 2.456077040542767e-05 9.824308162171067e-06 
0.000000000000000e+00 0.000000000000000e+00 0.000000000000000e+00 0.000000000000000e+00 0.000000000000000e+00 0.000000000000000e+00 0.000000000000000e+00 0.000000000000000e+00 0.000000000000000e+00 0.000000000000000e+00 0.000000000000000e+00 0.000000000000000e+00 0.000000000000000e+00 0.000000000000000e+00 0.000000000000000e+00 0.000000000000000e+00 0.000000000000000e+00 0.000000000000000e+00 5.970437700030772e-01 5.220187464783042e-01 1.848941903606516e-01 6.785242514372025e-02 2.527879758649329e-02 9.059042915415094e-03 3.293023440386100e-03 1.270934863756857e-03 4.756589413891032e-04 1.549658089593458e-04 5.703602690864814e-05 3.551299788651677e-05 
0.000000000000000e+00 0.000000000000000e+00 0.000000000000000e+00 0.000000000000000e+00 0.000000000000000e+00 0.000000000000000e+00 0.000000000000000e+00 0.000000000000000e+00 0.000000000000000e+00 0.000000000000000e+00 0.000000000000000e+00 0.000000000000000e+00 0.000000000000000e+00 0.000000000000000e+00 0.000000000000000e+00 0.000000000000000e+00 0.000000000000000e+00 0.000000000000000e+00 0.000000000000000e+00 6.705315296823272e-01 5.345127442244261e-01 1.898319224630969e-01 6.978611431431686e-02 2.553420724611704e-02 9.226589319231772e-03 3.665992301184593e-03 1.283040783794175e-03 4.544338282689504e-04 1.797387529720476e-04 1.153041056801815e-04 
0.000000000000000e+00 0.000000000000000e+00 0.000000000000000e+00 0.000000000000000e+00 0.000000000000000e+00 0.000000000000000e+00 0.000000000000000e+00 0.000000000000000e+00 0.000000000000000e+00 0.000000000000000e+00 0.000000000000000e+00 0.000000000000000e+00 0.000000000000000e+00 0.000000000000000e+00 0.000000000000000e+00 0.000000000000000e+00 0.000000000000000e+00 0.000000000000000e+00 0.000000000000000e+00 0.000000000000000e+00 6.040184331796198e-01 5.372043598324757e-01 1.907819765832633e-01 7.008688081120804e-02 2.580546769280564e-02 9.495619352062432e-03 3.406531583391827e-03 1.208957307315990e-03 4.884793748943103e-04 2.494858859842064e-04 
0.000000000000000e+00 0.000000000000000e+00 0.000000000000000e+00 0.000000000000000e+00 0.000000000000000e+00 0.000000000000000e+00 0.000000000000000e+00 0.000000000000000e+00 0.000000000000000e+00 0.000000000000000e+00 0.000000000000000e+00 0.000000000000000e+00 0.000000000000000e+00 0.000000000000000e+00 0.000000000000000e+00 0.000000000000000e+00 0.000000000000000e+00 0.000000000000000e+00 0.000000000000000e+00 0.000000000000000e+00 0.000000000000000e+00 6.055956637898566e-01 5.385411691800858e-01 1.916048947090952e-01 7.004671457069767e-02 2.583251601047436e-02 9.652843349665803e-03 3.547215930086040e-03 1.256405642354561e-03 6.624029747657287e-04 
0.000000000000000e+00 0.000000000000000e+00 0.000000000000000e+00 0.000000000000000e+00 0.000000000000000e+00 0.000000000000000e+00 0.000000000000000e+00 0.000000000000000e+00 0.000000000000000e+00 0.000000000000000e+00 0.000000000000000e+00 0.000000000000000e+00 0.000000000000000e+00 0.000000000000000e+00 0.000000000000000e+00 0.000000000000000e+00 0.000000000000000e+00 0.000000000000000e+00 0.000000000000000e+00 0.000000000000000e+00 0.000000000000000e+00 0.000000000000000e+00 6.059216430198942e-01 5.396382436021583e-01 1.917235532549572e-01 7.035461714145164e-02 2.576352385168688e-02 9.605902774529520e-03 3.555415552572657e-03 1.841131365118158e-03 
0.000000000000000e+00 0.000000000000000e+00 0.000000000000000e+00 0.000000000000000e+00 0.000000000000000e+00 0.000000000000000e+00 0.000000000000000e+00 0.000000000000000e+00 0.000000000000000e+00 0.000000000000000e+00 0.000000000000000e+00 0.000000000000000e+00 0.000000000000000e+00 0.000000000000000e+00 0.000000000000000e+00 0.000000000000000e+00 0.000000000000000e+00 0.000000000000000e+00 0.000000000000000e+00 0.000000000000000e+00 0.000000000000000e+00 0.000000000000000e+00 0.000000000000000e+00 6.068214175279359e-01 5.396210229172255e-01 1.915460750788123e-01 7.036449387697154e-02 2.597642147111726e-02 9.754107099430812e-03 5.194778965530306e-03 
0.000000000000000e+00 0.000000000000000e+00 0.000000000000000e+00 0.000000000000000e+00 0.000000000000000e+00 0.000000000000000e+00 0.000000000000000e+00 0.000000000000000e+00 0.000000000000000e+00 0.000000000000000e+00 0.000000000000000e+00 0.000000000000000e+00 0.000000000000000e+00 0.000000000000000e+00 0.000000000000000e+00 0.000000000000000e+00 0.000000000000000e+00 0.000000000000000e+00 0.000000000000000e+00 0.000000000000000e+00 0.000000000000000e+00 0.000000000000000e+00 0.000000000000000e+00 6.474473106656721e-06 6.087183147514817e-01 5.394468865730202e-01 1.917497784123833e-01 7.059894964960621e-02 2.610119088217591e-02 1.366890762277367e-02 
0.000000000000000e+00 0.000000000000000e+00 0.000000000000000e+00 0.000000000000000e+00 0.000000000000000e+00 0.000000000000000e+00 0.000000000000000e+00 0.000000000000000e+00 0.000000000000000e+00 0.000000000000000e+00 0.000000000000000e+00 0.000000000000000e+00 0.000000000000000e+00 0.000000000000000e+00 0.000000000000000e+00 0.000000000000000e+00 0.000000000000000e+00 0.000000000000000e+00 0.000000000000000e+00 0.000000000000000e+00 0.000000000000000e+00 0.000000000000000e+00 0.000000000000000e+00 0.000000000000000e+00 1.719826114507600e-05 6.137335246303667e-01 5.381023356354699e-01 1.925077439944135e-01 7.059680462637993e-02 3.762350221451966e-02 
0.000000000000000e+00 0.000000000000000e+00 0.000000000000000e+00 0.000000000000000e+00 0.000000000000000e+00 0.000000000000000e+00 0.000000000000000e+00 0.000000000000000e+00 0.000000000000000e+00 0.000000000000000e+00 0.000000000000000e+00 0.000000000000000e+00 0.000000000000000e+00 0.000000000000000e+00 0.000000000000000e+00 0.000000000000000e+00 0.000000000000000e+00 0.000000000000000e+00 0.000000000000000e+00 0.000000000000000e+00 0.000000000000000e+00 0.000000000000000e+00 0.000000000000000e+00 0.000000000000000e+00 0.000000000000000e+00 1.426396993626015e-04 6.228456022626937e-01 5.410097735309852e-01 1.928771072987907e-01 1.016642613736595e-01 
0.000000000000000e+00 0.000000000000000e+00 0.000000000000000e+00 0.000000000000000e+00 0.000000000000000e+00 0.000000000000000e+00 0.000000000000000e+00 0.000000000000000e+00 0.000000000000000e+00 0.000000000000000e+00 0.000000000000000e+00 0.000000000000000e+00 0.000000000000000e+00 0.000000000000000e+00 0.000000000000000e+00 0.000000000000000e+00 0.000000000000000e+00 0.000000000000000e+00 0.000000000000000e+00 0.000000000000000e+00 0.000000000000000e+00 0.000000000000000e+00 0.000000000000000e+00 0.000000000000000e+00 0.000000000000000e+00 0.000000000000000e+00 1.018537170337379e-03 6.551812207099693e-01 5.404873287869498e-01 2.780331086627422e-01 
0.000000000000000e+00 0.000000000000000e+00 0.000000000000000e+00 0.000000000000000e+00 0.000000000000000e+00 0.000000000000000e+00 0.000000000000000e+00 0.000000000000000e+00 0.000000000000000e+00 0.000000000000000e+00 0.000000000000000e+00 0.000000000000000e+00 0.000000000000000e+00 0.000000000000000e+00 0.000000000000000e+00 0.000000000000000e+00 0.000000000000000e+00 0.000000000000000e+00 0.000000000000000e+00 0.000000000000000e+00 0.000000000000000e+00 0.000000000000000e+00 0.000000000000000e+00 0.000000000000000e+00 0.000000000000000e+00 0.000000000000000e+00 0.000000000000000e+00 4.759278127386466e-03 6.405924587401802e-01 8.818388303596016e-01 
0.000000000000000e+00 0.000000000000000e+00 0.000000000000000e+00 0.000000000000000e+00 0.000000000000000e+00 0.000000000000000e+00 0.000000000000000e+00 0.000000000000000e+00 0.000000000000000e+00 0.000000000000000e+00 0.000000000000000e+00 0.000000000000000e+00 0.000000000000000e+00 0.000000000000000e+00 0.000000000000000e+00 0.000000000000000e+00 0.000000000000000e+00 0.000000000000000e+00 0.000000000000000e+00 0.000000000000000e+00 0.000000000000000e+00 0.000000000000000e+00 0.000000000000000e+00 0.000000000000000e+00 0.000000000000000e+00 0.000000000000000e+00 0.000000000000000e+00 6.505944946027645e-07 2.040210623148853e-02 1.971853298820736e+00 



2.613576287436273e-02 9.866407537775918e-03 5.221637158317059e-03 5.313661648235002e-03 8.433700870031828e-03 5.860656056372587e-03 1.008185051809970e-02 7.787210920860902e-03 2.832240808329674e-04 2.433136734584890e-03 1.813975268491669e-03 2.158057601290284e-03 1.222257829837629e-03 7.686579466190171e-04 4.470400437628845e-04 3.691617152355934e-04 1.073118335231740e-04 3.066052386376399e-05 4.599078579564598e-05 3.066052386376399e-05 0.000000000000000e+00 0.000000000000000e+00 0.000000000000000e+00 0.000000000000000e+00 0.000000000000000e+00 0.000000000000000e+00 0.000000000000000e+00 0.000000000000000e+00 0.000000000000000e+00 0.000000000000000e+00 
0.000000000000000e+00 2.351608822199741e-02 1.273017670685101e-02 8.941979839014952e-03 8.365561005805178e-03 8.720131461394312e-03 1.108879159623040e-02 7.097386691075492e-03 3.463378841426568e-04 2.694744173233562e-03 2.495785193082990e-03 2.914093163217787e-03 1.243432331316170e-03 9.764150644677983e-04 4.905092014103335e-04 4.726966006793248e-04 1.622876089997261e-04 4.081114323535996e-05 4.081114323535996e-05 2.040557161767998e-05 0.000000000000000e+00 0.000000000000000e+00 0.000000000000000e+00 0.000000000000000e+00 0.000000000000000e+00 0.000000000000000e+00 0.000000000000000e+00 0.000000000000000e+00 0.000000000000000e+00 0.000000000000000e+00 
0.000000000000000e+00 0.000000000000000e+00 2.232950920837794e-02 1.803708143496440e-02 9.632528430026821e-03 7.961148667098829e-03 1.542440212140819e-02 7.339242657855697e-03 1.605985898945694e-04 3.009570501534742e-03 2.576912144579195e-03 3.520743871725194e-03 2.232015425501477e-03 9.932996204920774e-04 6.437497695126013e-04 3.850006435165547e-04 1.418423423482044e-04 4.052638352805840e-05 2.026319176402920e-05 0.000000000000000e+00 2.026319176402920e-05 0.000000000000000e+00 0.000000000000000e+00 0.000000000000000e+00 0.000000000000000e+00 0.000000000000000e+00 0.000000000000000e+00 0.000000000000000e+00 0.000000000000000e+00 0.000000000000000e+00 
0.000000000000000e+00 0.000000000000000e+00 0.000000000000000e+00 2.369695726803119e-02 2.252814134002186e-02 9.385886813071559e-03 1.680876669877306e-02 1.133264253606298e-02 2.048862053401747e-04 3.586552867867392e-03 2.484894244306870e-03 3.103233287810197e-03 2.014345491339869e-03 1.185276119974375e-03 7.386843171520874e-04 6.399113286136629e-04 1.319030450394895e-04 8.793536335965965e-05 5.862357557310645e-05 0.000000000000000e+00 0.000000000000000e+00 0.000000000000000e+00 0.000000000000000e+00 0.000000000000000e+00 0.000000000000000e+00 0.000000000000000e+00 0.000000000000000e+00 0.000000000000000e+00 0.000000000000000e+00 0.000000000000000e+00 
0.000000000000000e+00 0.000000000000000e+00 0.000000000000000e+00 0.000000000000000e+00 2.384631484842091e-02 2.191515906429831e-02 1.845697616747925e-02 1.486661123407948e-02 3.343334661061581e-04 6.653847736619430e-03 5.253665092343449e-03 5.933462236270885e-03 2.921254156012123e-03 1.635261553037888e-03 9.797285818529873e-04 1.005267420899303e-03 3.351682030493635e-04 1.365500086497407e-04 4.965454859990570e-05 2.482727429995285e-05 0.000000000000000e+00 0.000000000000000e+00 0.000000000000000e+00 0.000000000000000e+00 0.000000000000000e+00 0.000000000000000e+00 0.000000000000000e+00 0.000000000000000e+00 0.000000000000000e+00 0.000000000000000e+00 
0.000000000000000e+00 0.000000000000000e+00 0.000000000000000e+00 0.000000000000000e+00 0.000000000000000e+00 2.716726273452584e-02 4.072372672081958e-02 1.783527013357212e-02 4.178013615006757e-04 6.884878679758444e-03 5.097730503430384e-03 8.033960915687905e-03 4.811154519941593e-03 2.718695821671710e-03 1.639101692236512e-03 1.651648704983932e-03 5.490826888180844e-04 2.604226750438803e-04 1.010310048209714e-04 2.886600137742039e-05 0.000000000000000e+00 0.000000000000000e+00 0.000000000000000e+00 0.000000000000000e+00 0.000000000000000e+00 0.000000000000000e+00 0.000000000000000e+00 0.000000000000000e+00 0.000000000000000e+00 0.000000000000000e+00 
0.000000000000000e+00 0.000000000000000e+00 0.000000000000000e+00 0.000000000000000e+00 0.000000000000000e+00 0.000000000000000e+00 6.481408418042045e-02 4.401483843528856e-02 6.350921655516021e-04 1.173584465423116e-02 8.576549959618984e-03 1.228769246064814e-02 7.386991384228538e-03 4.821799095209637e-03 2.861454927899434e-03 2.768897391458116e-03 1.325409736803343e-03 3.405566684841923e-04 1.012465771169220e-04 2.761270285006964e-05 4.602117141678272e-05 0.000000000000000e+00 0.000000000000000e+00 0.000000000000000e+00 0.000000000000000e+00 0.000000000000000e+00 0.000000000000000e+00 0.000000000000000e+00 0.000000000000000e+00 0.000000000000000e+00 
0.000000000000000e+00 0.000000000000000e+00 0.000000000000000e+00 0.000000000000000e+00 0.000000000000000e+00 0.000000000000000e+00 0.000000000000000e+00 7.976162016352809e-02 2.569199754245871e-03 3.498147712348913e-02 2.024371718119599e-02 2.829938937507297e-02 1.691321163921421e-02 1.043913488734832e-02 6.144479988001669e-03 6.218933342862916e-03 2.093714251577495e-03 9.795154393345002e-04 2.938546318003499e-04 1.224394299168125e-04 4.897577196672499e-05 0.000000000000000e+00 1.224394299168125e-05 0.000000000000000e+00 0.000000000000000e+00 0.000000000000000e+00 0.000000000000000e+00 0.000000000000000e+00 0.000000000000000e+00 0.000000000000000e+00 
0.000000000000000e+00 0.000000000000000e+00 0.000000000000000e+00 0.000000000000000e+00 0.000000000000000e+00 0.000000000000000e+00 0.000000000000000e+00 0.000000000000000e+00 1.770321030230562e-03 7.373667345756629e-02 3.643750072743500e-02 4.123804422165213e-02 2.749202948110142e-02 1.276415654479708e-02 7.854865566028974e-03 8.227547891287688e-03 3.436503685137676e-03 4.909290978768109e-04 9.818581957536218e-04 0.000000000000000e+00 0.000000000000000e+00 4.909290978768109e-04 0.000000000000000e+00 0.000000000000000e+00 0.000000000000000e+00 0.000000000000000e+00 0.000000000000000e+00 0.000000000000000e+00 0.000000000000000e+00 0.000000000000000e+00 
0.000000000000000e+00 0.000000000000000e+00 0.000000000000000e+00 0.000000000000000e+00 0.000000000000000e+00 0.000000000000000e+00 0.000000000000000e+00 0.000000000000000e+00 0.000000000000000e+00 5.358679454521428e-02 6.398953734894523e-02 5.229198353998888e-02 3.102363460326965e-02 1.761643572949483e-02 1.166114506695764e-02 1.184822226054519e-02 3.897441533074078e-03 1.371899419642075e-03 6.235906452918521e-04 6.235906452918522e-05 6.235906452918522e-05 3.117953226459261e-05 0.000000000000000e+00 0.000000000000000e+00 0.000000000000000e+00 0.000000000000000e+00 0.000000000000000e+00 0.000000000000000e+00 0.000000000000000e+00 0.000000000000000e+00 
0.000000000000000e+00 0.000000000000000e+00 0.000000000000000e+00 0.000000000000000e+00 0.000000000000000e+00 0.000000000000000e+00 0.000000000000000e+00 0.000000000000000e+00 0.000000000000000e+00 0.000000000000000e+00 6.481870520053537e-02 1.079604328960246e-01 4.619098225122990e-02 2.820739123144374e-02 1.676024594582513e-02 1.702740826617790e-02 6.362292937470363e-03 2.059470546233181e-03 6.619726755749508e-04 4.413151170499671e-04 1.838812987708196e-04 3.677625975416393e-05 0.000000000000000e+00 3.677625975416393e-05 0.000000000000000e+00 0.000000000000000e+00 0.000000000000000e+00 0.000000000000000e+00 0.000000000000000e+00 0.000000000000000e+00 
0.000000000000000e+00 0.000000000000000e+00 0.000000000000000e+00 0.000000000000000e+00 0.000000000000000e+00 0.000000000000000e+00 0.000000000000000e+00 0.000000000000000e+00 0.000000000000000e+00 0.000000000000000e+00 0.000000000000000e+00 1.531549636078573e-01 1.148794895939433e-01 5.083094270487792e-02 3.017959102736876e-02 2.882255461247112e-02 1.009065132284633e-02 3.463610293883181e-03 1.500897794016045e-03 5.772683823138630e-04 2.539980882180997e-04 2.309073529255452e-05 2.309073529255452e-05 0.000000000000000e+00 0.000000000000000e+00 0.000000000000000e+00 0.000000000000000e+00 0.000000000000000e+00 0.000000000000000e+00 0.000000000000000e+00 
0.000000000000000e+00 0.000000000000000e+00 0.000000000000000e+00 0.000000000000000e+00 0.000000000000000e+00 0.000000000000000e+00 0.000000000000000e+00 0.000000000000000e+00 0.000000000000000e+00 0.000000000000000e+00 0.000000000000000e+00 0.000000000000000e+00 1.616278906947475e-01 1.271119420975240e-01 6.311892356960640e-02 6.181900284538147e-02 2.377295538636754e-02 8.803769693316017e-03 2.999391567438896e-03 8.609364684315347e-04 3.332657297154327e-04 2.221771531436218e-04 5.554428828590546e-05 2.777214414295273e-05 0.000000000000000e+00 0.000000000000000e+00 0.000000000000000e+00 0.000000000000000e+00 0.000000000000000e+00 0.000000000000000e+00 
0.000000000000000e+00 0.000000000000000e+00 0.000000000000000e+00 0.000000000000000e+00 0.000000000000000e+00 0.000000000000000e+00 0.000000000000000e+00 0.000000000000000e+00 0.000000000000000e+00 0.000000000000000e+00 0.000000000000000e+00 0.000000000000000e+00 0.000000000000000e+00 2.534692869010977e-01 1.760718487606485e-01 1.399990551699789e-01 5.218473778829547e-02 1.819467869247083e-02 8.477520621546851e-03 2.319321679479800e-03 4.798596578234066e-04 6.398128770978755e-04 1.199649144558517e-04 7.997660963723443e-05 7.997660963723443e-05 7.997660963723443e-05 0.000000000000000e+00 0.000000000000000e+00 0.000000000000000e+00 0.000000000000000e+00 
0.000000000000000e+00 0.000000000000000e+00 0.000000000000000e+00 0.000000000000000e+00 0.000000000000000e+00 0.000000000000000e+00 0.000000000000000e+00 0.000000000000000e+00 0.000000000000000e+00 0.000000000000000e+00 0.000000000000000e+00 0.000000000000000e+00 0.000000000000000e+00 0.000000000000000e+00 2.142607113358927e-01 3.186108064642296e-01 1.048263977430937e-01 3.895215057274606e-02 1.372784385066892e-02 5.093369626573275e-03 1.406740182577380e-03 4.365745394205661e-04 2.910496929470440e-04 4.850828215784068e-05 0.000000000000000e+00 0.000000000000000e+00 0.000000000000000e+00 0.000000000000000e+00 0.000000000000000e+00 0.000000000000000e+00 
0.000000000000000e+00 0.000000000000000e+00 0.000000000000000e+00 0.000000000000000e+00 0.000000000000000e+00 0.000000000000000e+00 0.000000000000000e+00 0.000000000000000e+00 0.000000000000000e+00 0.000000000000000e+00 0.000000000000000e+00 0.000000000000000e+00 0.000000000000000e+00 0.000000000000000e+00 0.000000000000000e+00 4.035440508734158e-01 3.246525409951505e-01 1.114776568063607e-01 4.225928554391557e-02 1.536701292506021e-02 5.411861073608162e-03 1.770547141365634e-03 8.351637459271851e-04 3.674720482079614e-04 3.340654983708740e-05 3.340654983708740e-05 0.000000000000000e+00 0.000000000000000e+00 0.000000000000000e+00 0.000000000000000e+00 
0.000000000000000e+00 0.000000000000000e+00 0.000000000000000e+00 0.000000000000000e+00 0.000000000000000e+00 0.000000000000000e+00 0.000000000000000e+00 0.000000000000000e+00 0.000000000000000e+00 0.000000000000000e+00 0.000000000000000e+00 0.000000000000000e+00 0.000000000000000e+00 0.000000000000000e+00 0.000000000000000e+00 0.000000000000000e+00 5.007680212748464e-01 4.307009747123771e-01 1.478187973472968e-01 5.647160951289657e-02 2.052293647380801e-02 7.914073542187405e-03 3.442845552251019e-03 1.162519277383460e-03 3.576982391949108e-04 1.788491195974554e-04 0.000000000000000e+00 0.000000000000000e+00 0.000000000000000e+00 0.000000000000000e+00 
0.000000000000000e+00 0.000000000000000e+00 0.000000000000000e+00 0.000000000000000e+00 0.000000000000000e+00 0.000000000000000e+00 0.000000000000000e+00 0.000000000000000e+00 0.000000000000000e+00 0.000000000000000e+00 0.000000000000000e+00 0.000000000000000e+00 0.000000000000000e+00 0.000000000000000e+00 0.000000000000000e+00 0.000000000000000e+00 0.000000000000000e+00 5.580623850862746e-01 4.979183850791101e-01 1.726758881711489e-01 6.287654623623354e-02 2.283576057335847e-02 8.133284587771515e-03 3.441005017903331e-03 1.303410991630049e-03 6.777737156476257e-04 2.085457586608079e-04 5.213643966520197e-05 0.000000000000000e+00 0.000000000000000e+00 
0.000000000000000e+00 0.000000000000000e+00 0.000000000000000e+00 0.000000000000000e+00 0.000000000000000e+00 0.000000000000000e+00 0.000000000000000e+00 0.000000000000000e+00 0.000000000000000e+00 0.000000000000000e+00 0.000000000000000e+00 0.000000000000000e+00 0.000000000000000e+00 0.000000000000000e+00 0.000000000000000e+00 0.000000000000000e+00 0.000000000000000e+00 0.000000000000000e+00 6.024125494494186e-01 5.102533992496380e-01 1.921448482270592e-01 6.762106954252527e-02 2.452315965982035e-02 9.203199506202608e-03 3.535375420065637e-03 1.234575543514983e-03 2.805853507988599e-04 1.683512104793160e-04 5.611707015977198e-05 5.611707015977198e-05 
0.000000000000000e+00 0.000000000000000e+00 0.000000000000000e+00 0.000000000000000e+00 0.000000000000000e+00 0.000000000000000e+00 0.000000000000000e+00 0.000000000000000e+00 0.000000000000000e+00 0.000000000000000e+00 0.000000000000000e+00 0.000000000000000e+00 0.000000000000000e+00 0.000000000000000e+00 0.000000000000000e+00 0.000000000000000e+00 0.000000000000000e+00 0.000000000000000e+00 0.000000000000000e+00 6.698303136714264e-01 5.335740470611616e-01 1.866557293249864e-01 7.210504401512616e-02 2.545570784663563e-02 9.983775325171317e-03 4.437233477853920e-03 1.109308369463479e-03 4.086925571707554e-04 2.919232551219681e-04 5.838465102439364e-05 
0.000000000000000e+00 0.000000000000000e+00 0.000000000000000e+00 0.000000000000000e+00 0.000000000000000e+00 0.000000000000000e+00 0.000000000000000e+00 0.000000000000000e+00 0.000000000000000e+00 0.000000000000000e+00 0.000000000000000e+00 0.000000000000000e+00 0.000000000000000e+00 0.000000000000000e+00 0.000000000000000e+00 0.000000000000000e+00 0.000000000000000e+00 0.000000000000000e+00 0.000000000000000e+00 0.000000000000000e+00 5.951642844365101e-01 5.474163290825002e-01 1.913319364209732e-01 6.876084164710324e-02 2.515495846278842e-02 9.255126226874988e-03 2.966386611177881e-03 1.839159698930285e-03 4.746218577884607e-04 3.559663933413455e-04 
0.000000000000000e+00 0.000000000000000e+00 0.000000000000000e+00 0.000000000000000e+00 0.000000000000000e+00 0.000000000000000e+00 0.000000000000000e+00 0.000000000000000e+00 0.000000000000000e+00 0.000000000000000e+00 0.000000000000000e+00 0.000000000000000e+00 0.000000000000000e+00 0.000000000000000e+00 0.000000000000000e+00 0.000000000000000e+00 0.000000000000000e+00 0.000000000000000e+00 0.000000000000000e+00 0.000000000000000e+00 0.000000000000000e+00 6.067025980976922e-01 5.452062003735515e-01 1.900663666870731e-01 6.593039373738735e-02 2.437208923807144e-02 9.042224754173928e-03 3.233643289572134e-03 1.616821644786066e-03 5.389405482620220e-04 
0.000000000000000e+00 0.000000000000000e+00 0.000000000000000e+00 0.000000000000000e+00 0.000000000000000e+00 0.000000000000000e+00 0.000000000000000e+00 0.000000000000000e+00 0.000000000000000e+00 0.000000000000000e+00 0.000000000000000e+00 0.000000000000000e+00 0.000000000000000e+00 0.000000000000000e+00 0.000000000000000e+00 0.000000000000000e+00 0.000000000000000e+00 0.000000000000000e+00 0.000000000000000e+00 0.000000000000000e+00 0.000000000000000e+00 0.000000000000000e+00 6.048823976792542e-01 5.359650027419687e-01 1.931159587319914e-01 7.177223033188970e-02 2.706664618448383e-02 9.731827841612169e-03 3.649435440604564e-03 2.189661264362737e-03 
0.000000000000000e+00 0.000000000000000e+00 0.000000000000000e+00 0.000000000000000e+00 0.000000000000000e+00 0.000000000000000e+00 0.000000000000000e+00 0.000000000000000e+00 0.000000000000000e+00 0.000000000000000e+00 0.000000000000000e+00 0.000000000000000e+00 0.000000000000000e+00 0.000000000000000e+00 0.000000000000000e+00 0.000000000000000e+00 0.000000000000000e+00 0.000000000000000e+00 0.000000000000000e+00 0.000000000000000e+00 0.000000000000000e+00 0.000000000000000e+00 0.000000000000000e+00 6.027082715984022e-01 5.376010553238995e-01 1.943020908438150e-01 7.439773740031214e-02 2.659719112061158e-02 8.865730373537198e-03 4.773854816520029e-03 
0.000000000000000e+00 0.000000000000000e+00 0.000000000000000e+00 0.000000000000000e+00 0.000000000000000e+00 0.000000000000000e+00 0.000000000000000e+00 0.000000000000000e+00 0.000000000000000e+00 0.000000000000000e+00 0.000000000000000e+00 0.000000000000000e+00 0.000000000000000e+00 0.000000000000000e+00 0.000000000000000e+00 0.000000000000000e+00 0.000000000000000e+00 0.000000000000000e+00 0.000000000000000e+00 0.000000000000000e+00 0.000000000000000e+00 0.000000000000000e+00 0.000000000000000e+00 0.000000000000000e+00 6.130810563562149e-01 5.386753412655461e-01 1.905419168877867e-01 6.873544321798816e-02 2.468711451949621e-02 1.453657504701300e-02 
0.000000000000000e+00 0.000000000000000e+00 0.000000000000000e+00 0.000000000000000e+00 0.000000000000000e+00 0.000000000000000e+00 0.000000000000000e+00 0.000000000000000e+00 0.000000000000000e+00 0.000000000000000e+00 0.000000000000000e+00 0.000000000000000e+00 0.000000000000000e+00 0.000000000000000e+00 0.000000000000000e+00 0.000000000000000e+00 0.000000000000000e+00 0.000000000000000e+00 0.000000000000000e+00 0.000000000000000e+00 0.000000000000000e+00 0.000000000000000e+00 0.000000000000000e+00 0.000000000000000e+00 0.000000000000000e+00 6.094332104312750e-01 5.428872908308616e-01 1.933793396446710e-01 6.822568717746097e-02 3.866331490461452e-02 
0.000000000000000e+00 0.000000000000000e+00 0.000000000000000e+00 0.000000000000000e+00 0.000000000000000e+00 0.000000000000000e+00 0.000000000000000e+00 0.000000000000000e+00 0.000000000000000e+00 0.000000000000000e+00 0.000000000000000e+00 0.000000000000000e+00 0.000000000000000e+00 0.000000000000000e+00 0.000000000000000e+00 0.000000000000000e+00 0.000000000000000e+00 0.000000000000000e+00 0.000000000000000e+00 0.000000000000000e+00 0.000000000000000e+00 0.000000000000000e+00 0.000000000000000e+00 0.000000000000000e+00 0.000000000000000e+00 6.573564451341027e-05 6.246924518464428e-01 5.381805010769511e-01 1.918264327266603e-01 1.037615209556631e-01 
0.000000000000000e+00 0.000000000000000e+00 0.000000000000000e+00 0.000000000000000e+00 0.000000000000000e+00 0.000000000000000e+00 0.000000000000000e+00 0.000000000000000e+00 0.000000000000000e+00 0.000000000000000e+00 0.000000000000000e+00 0.000000000000000e+00 0.000000000000000e+00 0.000000000000000e+00 0.000000000000000e+00 0.000000000000000e+00 0.000000000000000e+00 0.000000000000000e+00 0.000000000000000e+00 0.000000000000000e+00 0.000000000000000e+00 0.000000000000000e+00 0.000000000000000e+00 0.000000000000000e+00 0.000000000000000e+00 0.000000000000000e+00 1.116552541768832e-03 6.550609767757699e-01 5.398604410744016e-01 2.787032920260558e-01 
0.000000000000000e+00 0.000000000000000e+00 0.000000000000000e+00 0.000000000000000e+00 0.000000000000000e+00 0.000000000000000e+00 0.000000000000000e+00 0.000000000000000e+00 0.000000000000000e+00 0.000000000000000e+00 0.000000000000000e+00 0.000000000000000e+00 0.000000000000000e+00 0.000000000000000e+00 0.000000000000000e+00 0.000000000000000e+00 0.000000000000000e+00 0.000000000000000e+00 0.000000000000000e+00 0.000000000000000e+00 0.000000000000000e+00 0.000000000000000e+00 0.000000000000000e+00 0.000000000000000e+00 0.000000000000000e+00 0.000000000000000e+00 0.000000000000000e+00 4.269159411113149e-03 6.347038204834470e-01 8.891115315491998e-01 
0.000000000000000e+00 0.000000000000000e+00 0.000000000000000e+00 0.000000000000000e+00 0.000000000000000e+00 0.000000000000000e+00 0.000000000000000e+00 0.000000000000000e+00 0.000000000000000e+00 0.000000000000000e+00 0.000000000000000e+00 0.000000000000000e+00 0.000000000000000e+00 0.000000000000000e+00 0.000000000000000e+00 0.000000000000000e+00 0.000000000000000e+00 0.000000000000000e+00 0.000000000000000e+00 0.000000000000000e+00 0.000000000000000e+00 0.000000000000000e+00 0.000000000000000e+00 0.000000000000000e+00 0.000000000000000e+00 0.000000000000000e+00 0.000000000000000e+00 0.000000000000000e+00 2.017929696489788e-02 1.973765430780886e+00 












0 0 0 0 0 0 0 0 0 0 0 0 0 0 0 0 0 0 0 0 0 0 0 0 0 0 0 0 0 0
0 0 0 0 0 0 0 0 0 0 0 0 0 0 0 0 0 0 0 0 0 0 0 0 0 0 0 0 0 0
0 0 0 0 0 0 0 0 0 0 0 0 0 0 0 0 0 0 0 0 0 0 0 0 0 0 0 0 0 0
0 0 0 0 0 0 0 0 0 0 0 0 0 0 0 0 0 0 0 0 0 0 0 0 0 0 0 0 0 0
0 0 0 0 0 0 0 0 0 0 0 0 0 0 0 0 0 0 0 0 0 0 0 0 0 0 0 0 0 0
0 0 0 0 0 0 0 0 0 0 0 0 0 0 0 0 0 0 0 0 0 0 0 0 0 0 0 0 0 0
0 0 0 0 0 0 0 0 0 0 0 0 0 0 0 0 0 0 0 0 0 0 0 0 0 0 0 0 0 0
0 0 0 0 0 0 0 0 0 0 0 0 0 0 0 0 0 0 0 0 0 0 0 0 0 0 0 0 0 0
0 0 0 0 0 0 0 0 0 0 0 0 0 0 0 0 0 0 0 0 0 0 0 0 0 0 0 0 0 0
0 0 0 0 0 0 0 0 0 0 0 0 0 0 0 0 0 0 0 0 0 0 0 0 0 0 0 0 0 0
0 0 0 0 0 0 0 0 0 0 0 0 0 0 0 0 0 0 0 0 0 0 0 0 0 0 0 0 0 0
0 0 0 0 0 0 0 0 0 0 0 0 0 0 0 0 0 0 0 0 0 0 0 0 0 0 0 0 0 0
0 0 0 0 0 0 0 0 0 0 0 0 0 0 0 0 0 0 0 0 0 0 0 0 0 0 0 0 0 0
0 0 0 0 0 0 0 0 0 0 0 0 0 0 0 0 0 0 0 0 0 0 0 0 0 0 0 0 0 0
0 0 0 0 0 0 0 0 0 0 0 0 0 0 0 0 0 0 0 0 0 0 0 0 0 0 0 0 0 0
0 0 0 0 0 0 0 0 0 0 0 0 0 0 0 0 0 0 0 0 0 0 0 0 0 0 0 0 0 0
0 0 0 0 0 0 0 0 0 0 0 0 0 0 0 0 0 0 0 0 0 0 0 0 0 0 0 0 0 0
0 0 0 0 0 0 0 0 0 0 0 0 0 0 0 0 0 0 0 0 0 0 0 0 0 0 0 0 0 0
0 0 0 0 0 0 0 0 0 0 0 0 0 0 0 0 0 0 0 0 0 0 0 0 0 0 0 0 0 0
0 0 0 0 0 0 0 0 0 0 0 0 0 0 0 0 0 0 0 0 0 0 0 0 0 0 0 0 0 0
0 0 0 0 0 0 0 0 0 0 0 0 0 0 0 0 0 0 0 0 0 0 0 0 0 0 0 0 0 0
0 0 0 0 0 0 0 0 0 0 0 0 0 0 0 0 0 0 0 0 0 0 0 0 0 0 0 0 0 0
0 0 0 0 0 0 0 0 0 0 0 0 0 0 0 0 0 0 0 0 0 0 0 0 0 0 0 0 0 0
0 0 0 0 0 0 0 0 0 0 0 0 0 0 0 0 0 0 0 0 0 0 0 0 0 0 0 0 0 0
0 0 0 0 0 0 0 0 0 0 0 0 0 0 0 0 0 0 0 0 0 0 0 0 0 0 0 0 0 0
0 0 0 0 0 0 0 0 0 0 0 0 0 0 0 0 0 0 0 0 0 0 0 0 0 0 0 0 0 0
0 0 0 0 0 0 0 0 0 0 0 0 0 0 0 0 0 0 0 0 0 0 0 0 0 0 0 0 0 0
0 0 0 0 0 0 0 0 0 0 0 0 0 0 0 0 0 0 0 0 0 0 0 0 0 0 0 0 0 0
0 0 0 0 0 0 0 0 0 0 0 0 0 0 0 0 0 0 0 0 0 0 0 0 0 0 0 0 0 0
0 0 0 0 0 0 0 0 0 0 0 0 0 0 0 0 0 0 0 0 0 0 0 0 0 0 0 0 0 0 

0 0 0 0 0 0 0 0 0 0 0 0 0 0 0 0 0 0 0 0 0 0 0 0 0 0 0 0 0 0
0 0 0 0 0 0 0 0 0 0 0 0 0 0 0 0 0 0 0 0 0 0 0 0 0 0 0 0 0 0
0 0 0 0 0 0 0 0 0 0 0 0 0 0 0 0 0 0 0 0 0 0 0 0 0 0 0 0 0 0
0 0 0 0 0 0 0 0 0 0 0 0 0 0 0 0 0 0 0 0 0 0 0 0 0 0 0 0 0 0
0 0 0 0 0 0 0 0 0 0 0 0 0 0 0 0 0 0 0 0 0 0 0 0 0 0 0 0 0 0
0 0 0 0 0 0 0 0 0 0 0 0 0 0 0 0 0 0 0 0 0 0 0 0 0 0 0 0 0 0
0 0 0 0 0 0 0 0 0 0 0 0 0 0 0 0 0 0 0 0 0 0 0 0 0 0 0 0 0 0
0 0 0 0 0 0 0 0 0 0 0 0 0 0 0 0 0 0 0 0 0 0 0 0 0 0 0 0 0 0
0 0 0 0 0 0 0 0 0 0 0 0 0 0 0 0 0 0 0 0 0 0 0 0 0 0 0 0 0 0
0 0 0 0 0 0 0 0 0 0 0 0 0 0 0 0 0 0 0 0 0 0 0 0 0 0 0 0 0 0
0 0 0 0 0 0 0 0 0 0 0 0 0 0 0 0 0 0 0 0 0 0 0 0 0 0 0 0 0 0
0 0 0 0 0 0 0 0 0 0 0 0 0 0 0 0 0 0 0 0 0 0 0 0 0 0 0 0 0 0
0 0 0 0 0 0 0 0 0 0 0 0 0 0 0 0 0 0 0 0 0 0 0 0 0 0 0 0 0 0
0 0 0 0 0 0 0 0 0 0 0 0 0 0 0 0 0 0 0 0 0 0 0 0 0 0 0 0 0 0
0 0 0 0 0 0 0 0 0 0 0 0 0 0 0 0 0 0 0 0 0 0 0 0 0 0 0 0 0 0
0 0 0 0 0 0 0 0 0 0 0 0 0 0 0 0 0 0 0 0 0 0 0 0 0 0 0 0 0 0
0 0 0 0 0 0 0 0 0 0 0 0 0 0 0 0 0 0 0 0 0 0 0 0 0 0 0 0 0 0
0 0 0 0 0 0 0 0 0 0 0 0 0 0 0 0 0 0 0 0 0 0 0 0 0 0 0 0 0 0
0 0 0 0 0 0 0 0 0 0 0 0 0 0 0 0 0 0 0 0 0 0 0 0 0 0 0 0 0 0
0 0 0 0 0 0 0 0 0 0 0 0 0 0 0 0 0 0 0 0 0 0 0 0 0 0 0 0 0 0
0 0 0 0 0 0 0 0 0 0 0 0 0 0 0 0 0 0 0 0 0 0 0 0 0 0 0 0 0 0
0 0 0 0 0 0 0 0 0 0 0 0 0 0 0 0 0 0 0 0 0 0 0 0 0 0 0 0 0 0
0 0 0 0 0 0 0 0 0 0 0 0 0 0 0 0 0 0 0 0 0 0 0 0 0 0 0 0 0 0
0 0 0 0 0 0 0 0 0 0 0 0 0 0 0 0 0 0 0 0 0 0 0 0 0 0 0 0 0 0
0 0 0 0 0 0 0 0 0 0 0 0 0 0 0 0 0 0 0 0 0 0 0 0 0 0 0 0 0 0
0 0 0 0 0 0 0 0 0 0 0 0 0 0 0 0 0 0 0 0 0 0 0 0 0 0 0 0 0 0
0 0 0 0 0 0 0 0 0 0 0 0 0 0 0 0 0 0 0 0 0 0 0 0 0 0 0 0 0 0
0 0 0 0 0 0 0 0 0 0 0 0 0 0 0 0 0 0 0 0 0 0 0 0 0 0 0 0 0 0
0 0 0 0 0 0 0 0 0 0 0 0 0 0 0 0 0 0 0 0 0 0 0 0 0 0 0 0 0 0
0 0 0 0 0 0 0 0 0 0 0 0 0 0 0 0 0 0 0 0 0 0 0 0 0 0 0 0 0 0 




8 2 8
8 2 8

8 8 8
1 1 1

0 0 0
0 0 0

0 0 0
0 0 0

0 0 0
0 0 0

0 0 0
0 0 0

0 0 0
0 0 0

0 0 0
0 0 0

0 0 0
0 0 0

0 0 0
0 0 0

0 0 0
0 0 0

0 0 0
0 0 0

0 0 0
0 0 0

0 0 0
0 0 0

0 0 0
0 0 0

0 0 0
0 0 0

0 0 0
0 0 0

0 0 0
0 0 0

0 0 0
0 0 0

0 0 0
0 0 0

0 0 0
0 0 0

0 0 0
0 0 0

0 0 0
0 0 0

0 0 0
0 0 0

0 0 0
0 0 0

0 0 0
0 0 0

0 0 0
0 0 0

0 0 0
0 0 0

0 0 0
0 0 0

0 0 0
0 0 0

0 0 0
0 0 0

0 0 0
0 0 0